Timestamp,Summe
1.406929622316784E9,84.40573028471158
1.406929627308676E9,84.40573028471158
1.40692963281256E9,82.29990463023192
1.406929637995144E9,82.29990463023192
1.406929643078845E9,84.40573028471158
1.406929648383128E9,82.29990463023192
1.406929653972035E9,82.29990463023192
1.40692965926103E9,82.29990463023192
1.406929664180773E9,82.29990463023192
1.406929669478604E9,84.47187373505193
1.406929674812129E9,82.29990463023192
1.40692968047968E9,82.29990463023192
1.406929685497969E9,84.47187373505193
1.406929690780766E9,82.29990463023192
1.406929695911056E9,86.57769938953159
1.406929701437817E9,82.29990463023192
1.406929706742403E9,82.29990463023192
1.406929712106589E9,82.29990463023192
1.406929717597432E9,82.29990463023192
1.406929723592832E9,84.47187373505193
1.406929728446165E9,82.29990463023192
1.406929733755136E9,82.29990463023192
1.40692973933749E9,84.47187373505193
1.406929745172274E9,82.29990463023192
1.406929750156618E9,84.47187373505193
1.406929755415088E9,82.29990463023192
1.406929761017327E9,82.29990463023192
1.406929766586635E9,84.47187373505193
1.406929771419776E9,82.29990463023192
1.406929776663421E9,84.40573028471158
1.406929782495089E9,86.57769938953159
1.406929788119371E9,82.29990463023192
1.406929793046691E9,82.29990463023192
1.406929798368066E9,86.57769938953159
1.406929804215869E9,84.40573028471158
1.406929809562731E9,84.40573028471158
1.406929814476069E9,84.40573028471158
1.406929819746774E9,84.40573028471158
1.40692982549534E9,86.57769938953159
1.406929830798797E9,82.29990463023192
1.406929836325689E9,84.40573028471158
1.406929841524942E9,84.40573028471158
1.406929847014565E9,84.40573028471158
1.406929852613551E9,86.57769938953159
1.406929857520261E9,84.40573028471158
1.406929862718083E9,84.40573028471158
1.406929868742744E9,84.40573028471158
1.406929873911307E9,84.40573028471158
1.406929879187996E9,84.40573028471158
1.406929884313663E9,84.40573028471158
1.406929889674106E9,82.29990463023192
1.406929895143206E9,84.40573028471158
1.406929900807312E9,84.40573028471158
1.406929906084726E9,84.40573028471158
1.406929911434992E9,84.40573028471158
1.406929916855445E9,86.57769938953159
1.406929921883601E9,84.40573028471158
1.406929927198748E9,82.29990463023192
1.406929932879024E9,82.29990463023192
1.406929938540772E9,82.29990463023192
1.406929943799015E9,82.29990463023192
1.406929949285859E9,84.47187373505193
1.406929954757707E9,82.29990463023192
1.40692995985901E9,82.29990463023192
1.406929965103582E9,84.47187373505193
1.406929970337019E9,82.29990463023192
1.406929976221789E9,82.29990463023192
1.406929981551258E9,82.36604296152876
1.40692998671994E9,82.29990463023192
1.406929991974265E9,82.36604296152876
1.406929997379069E9,82.29990463023192
1.406930003096762E9,80.19407385670875
1.406930008211072E9,80.19407385670875
1.406930013514792E9,80.19407385670875
1.40693001891314E9,82.36604296152876
1.406930024387955E9,80.19407385670875
1.406930029590229E9,80.19407385670875
1.406930035191317E9,82.36604296152876
1.406930040799057E9,80.19407385670875
1.406930046361167E9,82.36604296152876
1.406930051197316E9,80.19407385670875
1.40693005648617E9,80.19407385670875
1.406930061887508E9,80.19407385670875
1.406930068044448E9,78.0882379641421
1.406930072861941E9,80.19407385670875
1.406930078143222E9,82.36604296152876
1.406930083609988E9,80.19407385670875
1.406930089719621E9,82.36604296152876
1.406930095015795E9,80.19407385670875
1.406930100660645E9,80.19407385670875
1.406930105917323E9,80.19407385670875
1.406930111485836E9,80.19407385670875
1.406930116610019E9,80.2602070689621
1.406930122027895E9,80.19407385670875
1.40693012707219E9,78.0882379641421
1.406930132490694E9,80.2602070689621
1.406930138007838E9,78.0882379641421
1.40693014347478E9,80.19407385670875
1.406930149080464E9,0.0
1.406930154334229E9,2.274736548772909
1.40693015954076E9,0.0
1.406930164786326E9,2.1719691048200125
1.40693016972749E9,2.274736548772909
1.406930175476169E9,2.1719691048200125
1.406930181480687E9,2.274736548772909
1.406930186689807E9,2.274736548772909
1.406930191617694E9,0.0
1.406930197208305E9,2.274736548772909
1.406930203759472E9,2.274736548772909
1.406930209032048E9,2.274736548772909
1.406930213877993E9,2.1719691048200125
1.406930219599918E9,0.0
1.406930225364642E9,2.1719691048200125
1.406930230760866E9,0.0
1.406930235846325E9,2.274736548772909
1.406930241425964E9,2.1719691048200125
1.40693024690643E9,2.274736548772909
1.406930252227553E9,2.1719691048200125
1.406930257354739E9,2.274736548772909
1.406930263106123E9,4.446705653592922
1.406930269058522E9,2.274736548772909
1.406930274248058E9,0.0
1.406930279229657E9,4.446705653592922
1.40693028443054E9,2.274736548772909
1.406930290439157E9,2.274736548772909
1.406930295555647E9,4.446705653592922
1.406930300876908E9,0.0
1.406930306169703E9,2.274736548772909
1.406930312082367E9,2.274736548772909
1.406930317441691E9,0.0
1.406930322625207E9,0.0
1.406930328061769E9,2.274736548772909
1.406930335232367E9,0.0
1.406930340134891E9,0.0
1.406930345573748E9,2.274736548772909
1.406930351537392E9,2.274736548772909
1.406930357118925E9,4.446705653592922
1.40693036221656E9,2.1719691048200125
1.406930367492807E9,0.0
1.406930372697638E9,0.0
1.406930378339105E9,4.446705653592922
1.40693038325909E9,0.0
1.406930389094255E9,2.1719691048200125
1.406930394516844E9,2.274736548772909
1.406930400067359E9,2.274736548772909
1.406930405254717E9,2.1719691048200125
1.406930410591196E9,2.274736548772909
1.406930415901022E9,2.1719691048200125
1.406930421420523E9,2.274736548772909
1.406930426574799E9,0.0
1.406930431659358E9,0.0
1.406930436835099E9,2.274736548772909
1.406930442427516E9,0.0
1.40693044805305E9,2.1719691048200125
1.406930453480663E9,2.274736548772909
1.406930459055376E9,4.446705653592922
1.406930464440759E9,2.274736548772909
1.406930469543328E9,0.0
1.406930474375656E9,2.274736548772909
1.406930479874309E9,4.446705653592922
1.406930485300476E9,0.0
1.406930490774678E9,0.0
1.406930496094953E9,2.274736548772909
1.406930500969335E9,0.0
1.406930506268796E9,4.446705653592922
1.406930512158872E9,2.274736548772909
1.406930517469666E9,0.0
1.406930522979637E9,2.1719691048200125
1.406930528231627E9,2.274736548772909
1.406930533538073E9,2.1719691048200125
1.406930539107523E9,2.274736548772909
1.406930544320131E9,0.0
1.406930549857539E9,2.1719691048200125
1.40693055552686E9,2.274736548772909
1.406930561232609E9,2.274736548772909
1.406930566308726E9,0.0
1.406930571442425E9,2.274736548772909
1.406930576794187E9,4.446705653592922
1.406930582106511E9,0.0
1.406930587373837E9,4.446705653592922
1.406930592887069E9,2.274736548772909
1.406930598261607E9,0.0
1.40693060367496E9,2.1719691048200125
1.406930608867538E9,2.274736548772909
1.406930614025113E9,2.1719691048200125
1.406930619290573E9,2.274736548772909
1.40693062480441E9,2.274736548772909
1.406930630205945E9,0.0
1.406930635529323E9,2.274736548772909
1.406930642254455E9,2.274736548772909
1.406930649059983E9,4.446705653592922
1.406930654755231E9,2.274736548772909
1.406930660166813E9,0.0
1.406930666665449E9,2.274736548772909
1.406930671975023E9,2.1719691048200125
1.406930677019541E9,2.274736548772909
1.406930682337982E9,0.0
1.406930687756849E9,0.0
1.406930693050823E9,2.274736548772909
1.4069306984257E9,0.0
1.406930703635342E9,2.1719691048200125
1.406930708881765E9,2.274736548772909
1.406930714232264E9,2.1719691048200125
1.406930719800559E9,0.0
1.406930724751815E9,4.446705653592922
1.40693073036802E9,0.0
1.4069307359368E9,0.0
1.406930741089556E9,2.274736548772909
1.406930746254654E9,0.0
1.406930751761114E9,0.0
1.406930757105014E9,4.446705653592922
1.406930762567571E9,0.0
1.406930767751601E9,0.0
1.406930773169323E9,2.274736548772909
1.406930778658849E9,0.0
1.406930784536193E9,2.1719691048200125
1.406930789456765E9,0.0
1.406930795067645E9,2.274736548772909
1.406930800524965E9,0.0
1.406930805818537E9,0.0
1.406930810989185E9,2.274736548772909
1.406930816567771E9,0.0
1.406930822282332E9,2.1719691048200125
1.40693082741689E9,2.274736548772909
1.406930832711229E9,2.274736548772909
1.406930838183742E9,2.1719691048200125
1.406930843620436E9,0.0
1.40693084885984E9,2.1719691048200125
1.406930854244612E9,2.274736548772909
1.406930859861432E9,2.274736548772909
1.406930864818463E9,2.1719691048200125
1.40693087021724E9,2.274736548772909
1.406930875362826E9,0.0
1.406930880443334E9,4.446705653592922
1.406930885760852E9,2.274736548772909
1.406930890587138E9,0.0
1.406930896105706E9,4.446705653592922
1.406930901908278E9,2.274736548772909
1.406930909368182E9,0.0
1.406930914193813E9,2.274736548772909
1.40693091919094E9,2.1719691048200125
1.406930924770678E9,0.0
1.406930931033956E9,0.0
1.406930936104711E9,2.274736548772909
1.406930941097278E9,2.1719691048200125
1.406930946360075E9,2.274736548772909
1.40693095188459E9,2.274736548772909
1.40693095735224E9,0.0
1.406930962533072E9,2.274736548772909
1.406930967798789E9,4.446705653592922
1.406930973380707E9,0.0
1.406930978876167E9,2.1719691048200125
1.40693098404192E9,2.274736548772909
1.406930989223429E9,0.0
1.406930995085281E9,0.0
1.406931000735681E9,0.0
1.406931005622063E9,4.446705653592922
1.406931010904448E9,0.0
1.406931016759828E9,2.274736548772909
1.406931022295672E9,2.274736548772909
1.406931027527201E9,0.0
1.406931032392771E9,0.0
1.406931041139033E9,2.274736548772909
1.406931046423876E9,2.274736548772909
1.40693105187889E9,2.274736548772909
1.406931057325884E9,0.0
1.406931062681063E9,0.0
1.406931068155596E9,2.274736548772909
1.406931073511968E9,0.0
1.40693107867355E9,2.1719691048200125
1.406931084040654E9,2.274736548772909
1.406931089791733E9,2.274736548772909
1.406931095122297E9,2.274736548772909
1.406931100004064E9,2.274736548772909
1.406931105231272E9,0.0
1.406931110340905E9,2.1719691048200125
1.406931115837442E9,2.274736548772909
1.406931121400997E9,4.446705653592922
1.406931126584506E9,0.0
1.406931131709085E9,0.0
1.406931137188823E9,4.446705653592922
1.40693114261339E9,0.0
1.406931147729761E9,0.0
1.406931153239089E9,2.274736548772909
1.406931158505867E9,0.0
1.406931163594126E9,4.446705653592922
1.406931169198855E9,2.274736548772909
1.406931174730974E9,2.274736548772909
1.40693118016104E9,0.0
1.406931185791476E9,2.274736548772909
1.406931191628217E9,2.274736548772909
1.406931196811659E9,2.274736548772909
1.406931202093471E9,0.0
1.406931207252771E9,2.274736548772909
1.40693121250239E9,0.0
1.406931217920859E9,0.0
1.406931223050448E9,2.274736548772909
1.406931228657536E9,0.0
1.40693123389144E9,2.1719691048200125
1.406931239168052E9,2.274736548772909
1.406931244502558E9,2.1719691048200125
1.406931249843164E9,0.0
1.406931255302158E9,4.446705653592922
1.406931260293105E9,0.0
1.4069312657436E9,0.0
1.406931271143438E9,4.446705653592922
1.406931276435848E9,0.0
1.406931281362322E9,2.274736548772909
1.406931286582864E9,2.1719691048200125
1.406931292245501E9,0.0
1.406931298195001E9,4.446705653592922
1.406931303556684E9,0.0
1.406931308399076E9,2.274736548772909
1.406931313722265E9,2.274736548772909
1.406931318960183E9,0.0
1.406931324379694E9,2.274736548772909
1.406931329762969E9,4.446705653592922
1.406931335540359E9,0.0
1.406931340614421E9,2.1719691048200125
1.406931345728953E9,2.274736548772909
1.406931351091781E9,0.0
1.406931356408073E9,2.274736548772909
1.406931361629052E9,2.1719691048200125
1.406931367106148E9,2.274736548772909
1.406931372407763E9,2.1719691048200125
1.40693137754698E9,2.274736548772909
1.406931382799824E9,2.274736548772909
1.406931387959366E9,2.1719691048200125
1.406931393111217E9,4.446705653592922
1.406931398639623E9,2.274736548772909
1.406931404307604E9,2.1719691048200125
1.406931409784543E9,0.0
1.406931414658722E9,2.274736548772909
1.406931420103388E9,2.1719691048200125
1.406931425299468E9,2.274736548772909
1.406931430745926E9,0.0
1.406931436484366E9,4.446705653592922
1.406931441910102E9,2.274736548772909
1.40693144728764E9,0.0
1.406931452374156E9,4.446705653592922
1.406931457790467E9,2.274736548772909
1.406931463151562E9,2.1719691048200125
1.406931468353806E9,2.274736548772909
1.406931473760911E9,2.274736548772909
1.406931479230654E9,2.1719691048200125
1.406931484373197E9,0.0
1.406931489797175E9,0.0
1.406931495360575E9,4.446705653592922
1.406931500821848E9,2.274736548772909
1.406931506003641E9,2.1719691048200125
1.406931511392363E9,2.274736548772909
1.406931516838795E9,2.274736548772909
1.406931522179105E9,2.1719691048200125
1.40693152781483E9,2.274736548772909
1.406931534853181E9,0.0
1.406931540164157E9,2.274736548772909
1.406931545439241E9,0.0
1.406931550537153E9,2.274736548772909
1.406931556070754E9,2.274736548772909
1.40693156154618E9,2.1719691048200125
1.406931566444563E9,0.0
1.406931571975137E9,2.274736548772909
1.406931577388683E9,2.1719691048200125
1.406931582808345E9,0.0
1.406931588269864E9,4.446705653592922
1.406931593672429E9,2.274736548772909
1.406931598557532E9,0.0
1.40693160418234E9,4.446705653592922
1.40693160995308E9,2.274736548772909
1.406931614912241E9,2.274736548772909
1.406931620144155E9,2.1719691048200125
1.406931625275103E9,2.274736548772909
1.40693163042612E9,0.0
1.406931635872764E9,2.1719691048200125
1.406931641153641E9,2.274736548772909
1.406931646317698E9,0.0
1.406931651900912E9,0.0
1.406931657346428E9,2.274736548772909
1.406931662707439E9,2.274736548772909
1.406931667931867E9,0.0
1.406931673082299E9,0.0
1.406931679721283E9,2.274736548772909
1.406931685042207E9,0.0
1.406931690696051E9,2.1719691048200125
1.406931696021547E9,2.274736548772909
1.406931701455395E9,0.0
1.406931706823955E9,0.0
1.406931712571259E9,2.274736548772909
1.406931718371928E9,0.0
1.406931723500606E9,2.274736548772909
1.406931728800187E9,2.274736548772909
1.40693173453878E9,0.0
1.406931739818356E9,0.0
1.406931744675556E9,2.1719691048200125
1.406931750303959E9,2.274736548772909
1.406931755475491E9,0.0
1.406931761212424E9,2.1719691048200125
1.406931766604103E9,2.274736548772909
1.40693177143636E9,2.274736548772909
1.40693177672114E9,0.0
1.406931781888722E9,2.274736548772909
1.406931787667289E9,0.0
1.406931793082722E9,2.1719691048200125
1.406931798181215E9,2.274736548772909
1.40693180304661E9,2.274736548772909
1.406931808494416E9,0.0
1.406931813941944E9,2.1719691048200125
1.406931819161059E9,2.274736548772909
1.40693182467601E9,2.274736548772909
1.406931829710556E9,0.0
1.406931834828065E9,2.274736548772909
1.406931840049606E9,2.1719691048200125
1.406931845131566E9,2.274736548772909
1.406931850532964E9,0.0
1.406931856012274E9,2.1719691048200125
1.406931861513023E9,2.274736548772909
1.406931866887675E9,2.274736548772909
1.406931872184184E9,4.446705653592922
1.406931877493276E9,0.0
1.40693188268124E9,0.0
1.406931888076866E9,4.446705653592922
1.40693189361508E9,0.0
1.406931899139701E9,2.1719691048200125
1.406931904234157E9,2.274736548772909
1.406931910057867E9,2.274736548772909
1.406931915862651E9,4.446705653592922
1.406931920968E9,0.0
1.406931926458789E9,4.446705653592922
1.406931931872269E9,2.274736548772909
1.406931937785725E9,2.274736548772909
1.406931942862107E9,2.274736548772909
1.406931947875684E9,0.0
1.406931953241292E9,4.446705653592922
1.406931959000339E9,0.0
1.4069319654031E9,4.446705653592922
1.406931970201955E9,0.0
1.406931975254456E9,2.274736548772909
1.406931980503924E9,0.0
1.406931986527649E9,0.0
1.406931992065748E9,4.446705653592922
1.406931996920379E9,0.0
1.406932002363913E9,2.274736548772909
1.406932007841816E9,2.274736548772909
1.406932013032737E9,0.0
1.40693201847972E9,2.274736548772909
1.406932023605925E9,2.1719691048200125
1.406932029382317E9,0.0
1.406932034560368E9,4.446705653592922
1.406932039850328E9,2.274736548772909
1.406932045140888E9,4.446705653592922
1.406932050477232E9,0.0
1.406932056091818E9,0.0
1.406932061280162E9,2.274736548772909
1.406932066732864E9,2.274736548772909
1.406932071915286E9,0.0
1.406932077273119E9,4.446705653592922
1.406932082704569E9,4.446705653592922
1.406932088263288E9,2.274736548772909
1.406932093719666E9,94.93478177145748
1.40693209903444E9,92.8289817121953
1.406932104175708E9,94.93478177145748
1.406932109551288E9,97.10675087627749
1.406932115135891E9,94.93478177145748
1.406932120623121E9,94.93478177145748
1.406932125934938E9,94.93478177145748
1.406932131252412E9,94.93478177145748
1.406932136281965E9,95.00095081701531
1.406932142017521E9,94.93478177145748
1.406932147451709E9,92.8289817121953
1.406932152662136E9,92.89514563870962
1.406932158539475E9,90.72317653388961
1.406932163970057E9,90.78933534136046
1.406932169446614E9,88.61736623654045
1.406932174511902E9,86.51155082014776
1.40693217998445E9,88.68351992496777
1.406932185051877E9,86.51155082014776
1.40693219039666E9,84.40573028471158
1.40693219601707E9,86.51155082014776
1.406932201273832E9,84.40573028471158
1.406932206261363E9,84.40573028471158
1.406932211475317E9,84.47187373505193
1.406932216767404E9,82.29990463023192
1.406932222282984E9,84.47187373505193
1.406932228479965E9,84.40573028471158
1.406932233878951E9,82.29990463023192
1.406932239075524E9,84.47187373505193
1.406932244716829E9,82.29990463023192
1.406932250107866E9,82.29990463023192
1.406932255157192E9,82.29990463023192
1.406932261739823E9,80.19407385670875
1.406932267574631E9,82.29990463023192
1.406932272708964E9,82.29990463023192
1.406932278066317E9,84.47187373505193
1.406932283356113E9,82.29990463023192
1.40693228926266E9,84.47187373505193
1.406932294225926E9,82.29990463023192
1.406932299694691E9,82.29990463023192
1.406932304998478E9,84.47187373505193
1.406932310603602E9,82.29990463023192
1.406932315615288E9,82.29990463023192
1.406932321019158E9,84.47187373505193
1.406932326514701E9,82.29990463023192
1.406932331922998E9,82.29990463023192
1.406932337624615E9,84.47187373505193
1.406932342536972E9,82.29990463023192
1.406932348131863E9,84.47187373505193
1.406932353858929E9,82.29990463023192
1.406932359109528E9,84.47187373505193
1.406932364442315E9,82.29990463023192
1.406932369727589E9,82.29990463023192
1.406932375017443E9,84.47187373505193
1.406932380107033E9,82.29990463023192
1.406932384988879E9,84.40573028471158
1.406932390309653E9,84.47187373505193
1.406932395686763E9,82.29990463023192
1.40693240113915E9,82.29990463023192
1.406932406637648E9,84.47187373505193
1.406932411506131E9,82.29990463023192
1.406932417090308E9,84.47187373505193
1.406932422532328E9,82.29990463023192
1.406932427986431E9,82.29990463023192
1.40693243326706E9,86.57769938953159
1.406932438702936E9,82.29990463023192
1.406932444068594E9,84.40573028471158
1.406932449424547E9,86.57769938953159
1.406932454700259E9,82.29990463023192
1.406932460177147E9,84.47187373505193
1.406932465432954E9,84.40573028471158
1.406932470873224E9,84.40573028471158
1.406932476320005E9,84.47187373505193
1.406932481811415E9,84.40573028471158
1.406932487076972E9,82.29990463023192
1.40693249260444E9,84.40573028471158
1.406932497964301E9,84.40573028471158
1.406932503119561E9,86.57769938953159
1.406932508352153E9,84.40573028471158
1.406932513808648E9,82.29990463023192
1.406932519049884E9,84.47187373505193
1.406932524598809E9,82.29990463023192
1.406932530077143E9,84.40573028471158
1.406932535381879E9,84.47187373505193
1.406932540935508E9,82.29990463023192
1.406932546242117E9,82.29990463023192
1.406932551677554E9,82.29990463023192
1.406932557439702E9,82.29990463023192
1.406932562737727E9,84.47187373505193
1.406932567873974E9,82.29990463023192
1.406932573289671E9,82.36604296152876
1.406932578758732E9,82.29990463023192
1.406932583993658E9,80.19407385670875
1.406932589398359E9,82.36604296152876
1.406932594305816E9,80.19407385670875
1.406932599318372E9,82.29990463023192
1.406932604733832E9,84.47187373505193
1.406932610746487E9,80.19407385670875
1.406932617828321E9,80.19407385670875
1.406932622902627E9,82.36604296152876
1.406932628259052E9,80.19407385670875
1.406932633688966E9,80.19407385670875
1.406932639186571E9,82.36604296152876
1.406932644498966E9,80.19407385670875
1.406932650043885E9,82.36604296152876
1.406932655634994E9,80.19407385670875
1.406932660746752E9,80.19407385670875
1.406932666102224E9,82.36604296152876
1.406932671628778E9,78.0882379641421
1.406932676979333E9,78.0882379641421
1.406932682063525E9,80.19407385670875
1.406932687170179E9,80.19407385670875
1.406932693024012E9,80.2602070689621
1.406932698295647E9,78.0882379641421
1.406932703430018E9,80.19407385670875
1.406932708765572E9,82.36604296152876
1.406932714260491E9,80.19407385670875
1.406932719271042E9,80.19407385670875
1.406932724610645E9,80.19407385670875
1.406932730231394E9,78.0882379641421
1.406932736037605E9,82.36604296152876
1.406932741337013E9,80.19407385670875
1.406932746585465E9,80.2602070689621
1.406932751485766E9,78.0882379641421
1.406932757308102E9,80.19407385670875
1.406932762861956E9,80.19407385670875
1.406932768129622E9,80.19407385670875
1.406932773045224E9,2.274736548772909
1.40693277837655E9,2.1719691048200125
1.406932783732298E9,0.0
1.406932789148633E9,2.274736548772909
1.406932794428701E9,2.1719691048200125
1.406932799910974E9,0.0
1.406932805281465E9,2.274736548772909
1.406932810711128E9,4.446705653592922
1.406932816125868E9,0.0
1.40693282128616E9,2.274736548772909
1.406932826542523E9,2.1719691048200125
1.406932832187096E9,0.0
1.406932837338796E9,4.446705653592922
1.40693284246037E9,0.0
1.40693284766693E9,2.274736548772909
1.406932852781594E9,2.274736548772909
1.406932858271198E9,0.0
1.406932865076181E9,0.0
1.406932870490238E9,0.0
1.406932875917723E9,2.1719691048200125
1.406932881393308E9,2.274736548772909
1.406932886503828E9,2.274736548772909
1.406932891834606E9,2.274736548772909
1.406932897208723E9,0.0
1.406932903007424E9,0.0
1.406932908339146E9,4.446705653592922
1.406932913755712E9,2.274736548772909
1.406932919610155E9,2.1719691048200125
1.406932924668905E9,0.0
1.406932929896782E9,4.446705653592922
1.406932935301712E9,0.0
1.406932940671585E9,0.0
1.406932946181989E9,4.446705653592922
1.40693295282165E9,2.274736548772909
1.406932958093956E9,0.0
1.406932962942433E9,2.274736548772909
1.406932968542271E9,0.0
1.406932974222838E9,0.0
1.406932979630459E9,2.274736548772909
1.406932984915438E9,4.446705653592922
1.406932990094528E9,0.0
1.406932995757108E9,0.0
1.406933001436117E9,2.274736548772909
1.406933006412781E9,2.274736548772909
1.40693301184014E9,2.274736548772909
1.406933017531307E9,0.0
1.406933023104913E9,2.1719691048200125
1.406933028588437E9,2.274736548772909
1.406933033787157E9,2.274736548772909
1.40693303908744E9,4.446705653592922
1.406933044412741E9,0.0
1.406933049792628E9,0.0
1.406933055376152E9,2.274736548772909
1.406933060708381E9,2.274736548772909
1.406933066192478E9,2.1719691048200125
1.406933071461754E9,2.274736548772909
1.406933076647968E9,0.0
1.406933082093876E9,0.0
1.406933087260404E9,2.274736548772909
1.406933092467937E9,2.1719691048200125
1.406933098240531E9,0.0
1.40693310447126E9,2.1719691048200125
1.406933109794786E9,0.0
1.406933114619058E9,2.274736548772909
1.40693312022889E9,2.1719691048200125
1.406933125821385E9,0.0
1.406933130930876E9,4.446705653592922
1.406933136009168E9,0.0
1.406933141208662E9,2.274736548772909
1.406933146490683E9,0.0
1.406933151645709E9,4.446705653592922
1.406933156978317E9,0.0
1.40693316223489E9,2.274736548772909
1.406933167194325E9,2.1719691048200125
1.406933173024228E9,0.0
1.406933179047776E9,2.1719691048200125
1.406933184229348E9,2.274736548772909
1.406933189454892E9,0.0
1.40693319487151E9,2.274736548772909
1.406933200302466E9,0.0
1.406933205847667E9,0.0
1.406933212119908E9,0.0
1.406933217561759E9,2.274736548772909
1.406933223007152E9,4.446705653592922
1.406933228530011E9,0.0
1.406933233688946E9,0.0
1.406933238928902E9,2.274736548772909
1.406933244181578E9,0.0
1.406933249404094E9,2.274736548772909
1.406933254774615E9,2.1719691048200125
1.406933260269397E9,2.274736548772909
1.406933265683625E9,2.1719691048200125
1.406933271094306E9,0.0
1.406933277651015E9,4.446705653592922
1.406933283115759E9,0.0
1.40693328820594E9,2.274736548772909
1.406933293566474E9,2.1719691048200125
1.406933298883149E9,0.0
1.406933304344245E9,2.274736548772909
1.406933309633844E9,4.446705653592922
1.406933314489312E9,0.0
1.406933320185316E9,2.274736548772909
1.406933325783799E9,4.446705653592922
1.406933331061418E9,0.0
1.406933335906709E9,0.0
1.406933341489465E9,4.446705653592922
1.406933347436008E9,2.274736548772909
1.406933352596422E9,2.274736548772909
1.406933357871214E9,2.1719691048200125
1.406933363029989E9,0.0
1.406933368265039E9,4.446705653592922
1.406933374111907E9,2.274736548772909
1.406933379122928E9,0.0
1.406933384351959E9,4.446705653592922
1.406933389852322E9,2.274736548772909
1.406933395447335E9,2.1719691048200125
1.406933400793673E9,0.0
1.406933405708952E9,2.274736548772909
1.406933410729387E9,0.0
1.406933416618002E9,2.274736548772909
1.40693342209071E9,2.1719691048200125
1.406933427447406E9,2.274736548772909
1.406933432492774E9,2.274736548772909
1.406933437900389E9,0.0
1.406933443373737E9,2.274736548772909
1.406933448828737E9,2.274736548772909
1.406933454444848E9,0.0
1.40693345984265E9,0.0
1.406933465036456E9,2.274736548772909
1.406933469938356E9,0.0
1.406933474924927E9,2.274736548772909
1.406933480293699E9,2.1719691048200125
1.406933486031448E9,0.0
1.406933491581451E9,0.0
1.406933496443189E9,4.446705653592922
1.406933501458661E9,0.0
1.406933506877197E9,0.0
1.406933512748795E9,4.446705653592922
1.406933518288065E9,2.274736548772909
1.406933523589142E9,4.446705653592922
1.406933528924591E9,2.274736548772909
1.40693353429652E9,0.0
1.406933539519744E9,4.446705653592922
1.406933544582273E9,0.0
1.406933549918875E9,0.0
1.406933555550148E9,4.446705653592922
1.406933561031298E9,2.274736548772909
1.406933566463554E9,0.0
1.406933571861086E9,2.1719691048200125
1.406933576879383E9,0.0
1.406933582581311E9,2.274736548772909
1.406933588223747E9,2.274736548772909
1.406933593496332E9,0.0
1.406933598765837E9,2.1719691048200125
1.40693360403551E9,2.274736548772909
1.406933609424999E9,2.274736548772909
1.406933614782296E9,2.274736548772909
1.40693361999386E9,0.0
1.406933625237514E9,2.274736548772909
1.406933630571169E9,2.1719691048200125
1.406933635961666E9,0.0
1.406933641191001E9,4.446705653592922
1.406933647714904E9,0.0
1.406933653589982E9,4.446705653592922
1.406933659250896E9,2.274736548772909
1.406933664116094E9,2.274736548772909
1.406933669590968E9,2.1719691048200125
1.406933675116935E9,0.0
1.406933680315123E9,2.274736548772909
1.40693368565073E9,2.1719691048200125
1.40693369108311E9,0.0
1.40693369631986E9,2.274736548772909
1.406933701683087E9,4.446705653592922
1.406933706614748E9,0.0
1.406933712133369E9,2.274736548772909
1.406933717466068E9,2.1719691048200125
1.406933722842603E9,0.0
1.406933728439457E9,4.446705653592922
1.406933733818231E9,0.0
1.406933739245296E9,2.274736548772909
1.406933744576798E9,2.1719691048200125
1.406933749768577E9,0.0
1.406933755440131E9,4.446705653592922
1.406933760776817E9,2.274736548772909
1.406933765926098E9,0.0
1.406933771170049E9,4.446705653592922
1.406933776506414E9,0.0
1.406933781963695E9,0.0
1.406933787245194E9,2.274736548772909
1.406933792208947E9,2.274736548772909
1.40693379763733E9,0.0
1.406933803524967E9,0.0
1.40693380891351E9,2.1719691048200125
1.406933813745711E9,2.274736548772909
1.40693381915276E9,0.0
1.406933824920625E9,0.0
1.406933830634657E9,2.274736548772909
1.406933835719867E9,2.274736548772909
1.406933841105696E9,2.1719691048200125
1.406933846616517E9,2.274736548772909
1.40693385221392E9,2.274736548772909
1.406933857322582E9,4.446705653592922
1.406933862544004E9,0.0
1.406933867830505E9,0.0
1.406933872968027E9,2.274736548772909
1.406933878109604E9,0.0
1.406933883965017E9,0.0
1.406933889669761E9,2.274736548772909
1.406933894546422E9,2.274736548772909
1.406933899798268E9,2.274736548772909
1.406933905429874E9,0.0
1.406933911005896E9,2.1719691048200125
1.406933916262104E9,2.274736548772909
1.406933921713996E9,2.274736548772909
1.406933927723896E9,2.1719691048200125
1.406933932725857E9,0.0
1.406933937736469E9,4.446705653592922
1.406933942958171E9,0.0
1.406933948575745E9,2.274736548772909
1.406933954302074E9,4.446705653592922
1.406933959384645E9,2.274736548772909
1.40693396474099E9,2.274736548772909
1.40693397026196E9,2.1719691048200125
1.406933975407422E9,2.274736548772909
1.406933980325047E9,0.0
1.406933985778629E9,2.1719691048200125
1.406933991329349E9,0.0
1.406933996654574E9,4.446705653592922
1.406934001899307E9,2.274736548772909
1.406934006984712E9,0.0
1.406934012182974E9,4.446705653592922
1.406934017899755E9,2.274736548772909
1.406934023622653E9,0.0
1.406934028852476E9,2.1719691048200125
1.4069340339674E9,2.274736548772909
1.406934039152709E9,2.274736548772909
1.406934044350622E9,2.1719691048200125
1.406934049962303E9,0.0
1.406934055600792E9,2.274736548772909
1.40693406090255E9,4.446705653592922
1.406934066211799E9,0.0
1.406934071489348E9,4.446705653592922
1.406934077252969E9,2.274736548772909
1.406934082715553E9,2.274736548772909
1.406934087891742E9,0.0
1.406934093164771E9,2.274736548772909
1.406934098660032E9,0.0
1.406934106683695E9,2.1719691048200125
1.406934112272617E9,2.274736548772909
1.406934117789183E9,2.274736548772909
1.406934123225627E9,2.1719691048200125
1.406934128432679E9,2.274736548772909
1.406934133508722E9,2.274736548772909
1.40693413878646E9,4.446705653592922
1.406934144435885E9,0.0
1.406934149713632E9,2.274736548772909
1.406934154635122E9,4.446705653592922
1.406934159955159E9,0.0
1.406934165499962E9,4.446705653592922
1.406934171027944E9,0.0
1.406934175872597E9,4.446705653592922
1.406934181483714E9,0.0
1.406934186828666E9,0.0
1.406934193508732E9,2.1719691048200125
1.406934198328632E9,2.274736548772909
1.406934203981226E9,0.0
1.40693420952859E9,4.446705653592922
1.406934214971727E9,2.274736548772909
1.406934220370367E9,0.0
1.406934225457028E9,4.446705653592922
1.406934230675672E9,2.274736548772909
1.406934235964754E9,4.446705653592922
1.406934241648788E9,0.0
1.406934247013572E9,0.0
1.406934252169966E9,4.446705653592922
1.40693425762051E9,0.0
1.40693426295769E9,2.274736548772909
1.406934268084792E9,0.0
1.406934273656088E9,2.274736548772909
1.406934279260655E9,4.446705653592922
1.406934284636202E9,0.0
1.406934289574283E9,0.0
1.406934294559965E9,0.0
1.406934300528814E9,2.274736548772909
1.40693430618613E9,4.446705653592922
1.406934311422714E9,0.0
1.406934316382E9,2.274736548772909
1.406934322016073E9,2.1719691048200125
1.406934327508632E9,2.274736548772909
1.406934332801206E9,2.274736548772909
1.406934337921088E9,0.0
1.406934343265116E9,2.274736548772909
1.4069343494598E9,4.446705653592922
1.40693435476529E9,2.274736548772909
1.406934359891853E9,2.274736548772909
1.406934364728154E9,2.1719691048200125
1.406934370349289E9,2.274736548772909
1.406934375926771E9,2.274736548772909
1.406934381202316E9,2.1719691048200125
1.406934386533735E9,2.274736548772909
1.406934391933135E9,0.0
1.406934397329756E9,4.446705653592922
1.406934402940606E9,2.274736548772909
1.406934408444702E9,2.1719691048200125
1.40693441402246E9,0.0
1.406934419597827E9,2.274736548772909
1.406934424883577E9,2.274736548772909
1.406934429737834E9,0.0
1.40693443535469E9,2.274736548772909
1.406934441311904E9,0.0
1.406934446398114E9,2.274736548772909
1.406934451683004E9,2.1719691048200125
1.406934456941077E9,0.0
1.406934462525705E9,2.274736548772909
1.406934467458543E9,2.1719691048200125
1.406934473201242E9,0.0
1.406934478548039E9,2.274736548772909
1.406934483942083E9,2.274736548772909
1.40693448940212E9,0.0
1.406934494656707E9,4.446705653592922
1.406934499961194E9,2.274736548772909
1.406934506276486E9,4.446705653592922
1.406934512310963E9,0.0
1.406934517639077E9,4.446705653592922
1.406934522937615E9,2.274736548772909
1.40693452826928E9,2.1719691048200125
1.406934533418507E9,2.274736548772909
1.406934538859303E9,2.274736548772909
1.406934544146091E9,4.446705653592922
1.406934549493319E9,2.1719691048200125
1.406934554658531E9,0.0
1.406934560107351E9,4.446705653592922
1.406934565390539E9,0.0
1.406934570747145E9,2.274736548772909
1.406934575873055E9,4.446705653592922
1.406934580745391E9,2.274736548772909
1.406934586330371E9,0.0
1.406934591775742E9,4.446705653592922
1.406934597088234E9,2.274736548772909
1.406934602530715E9,0.0
1.406934607755544E9,4.446705653592922
1.406934613169782E9,0.0
1.406934618604372E9,4.446705653592922
1.406934623887995E9,2.274736548772909
1.406934629103194E9,0.0
1.406934634401847E9,2.1719691048200125
1.40693463979056E9,0.0
1.40693464502108E9,2.274736548772909
1.406934650247994E9,2.1719691048200125
1.406934655364785E9,2.274736548772909
1.406934661282634E9,2.274736548772909
1.406934666769836E9,4.446705653592922
1.406934671967829E9,2.274736548772909
1.406934677130504E9,0.0
1.406934682353989E9,2.274736548772909
1.406934687762361E9,2.274736548772909
1.406934693153143E9,2.1719691048200125
1.406934698479423E9,2.274736548772909
1.406934703846271E9,2.274736548772909
1.406934709185788E9,2.274736548772909
1.406934714530179E9,0.0
1.40693471972881E9,0.0
1.406934724993598E9,2.274736548772909
1.406934730251956E9,0.0
1.406934735477531E9,4.446705653592922
1.406934740693989E9,94.93478177145748
1.406934746150589E9,92.8289817121953
1.406934751323554E9,95.00095081701531
1.406934756557493E9,94.93478177145748
1.406934762488268E9,97.10675087627749
1.406934768194004E9,94.93478177145748
1.406934773182175E9,94.93478177145748
1.406934778173907E9,97.10675087627749
1.406934783638405E9,94.93478177145748
1.406934789559065E9,92.8289817121953
1.406934796479596E9,92.8289817121953
1.406934801402156E9,90.72317653388961
1.406934806962172E9,92.89514563870962
1.406934812899676E9,88.61736623654045
1.406934817761253E9,90.78933534136046
1.406934822997487E9,88.61736623654045
1.406934828307255E9,88.61736623654045
1.406934834270666E9,86.51155082014776
1.406934839756916E9,86.51155082014776
1.406934844767469E9,88.68351992496777
1.406934849880155E9,84.40573028471158
1.406934855119714E9,84.40573028471158
1.406934861052334E9,86.57769938953159
1.406934866485118E9,84.40573028471158
1.406934871489454E9,86.57769938953159
1.406934876827035E9,82.29990463023192
1.406934882530302E9,84.47187373505193
1.406934887736837E9,82.29990463023192
1.406934892959896E9,82.29990463023192
1.406934898982236E9,84.47187373505193
1.406934904355848E9,82.29990463023192
1.406934909476369E9,82.29990463023192
1.406934914784305E9,84.47187373505193
1.406934920377431E9,80.19407385670875
1.40693492617793E9,84.47187373505193
1.406934931530485E9,82.29990463023192
1.406934936425804E9,82.29990463023192
1.406934941748615E9,82.29990463023192
1.406934946978822E9,84.47187373505193
1.406934952099338E9,82.29990463023192
1.406934957736201E9,82.29990463023192
1.406934963075592E9,84.47187373505193
1.40693496850269E9,82.29990463023192
1.406934973770906E9,82.29990463023192
1.406934979021181E9,84.47187373505193
1.406934984346017E9,84.40573028471158
1.406934989673702E9,84.40573028471158
1.406934995336047E9,84.47187373505193
1.40693500038844E9,82.29990463023192
1.406935005932157E9,82.29990463023192
1.406935011282491E9,84.47187373505193
1.406935017022337E9,84.40573028471158
1.406935022071526E9,82.29990463023192
1.406935027677653E9,82.29990463023192
1.406935032837171E9,82.29990463023192
1.406935038254499E9,86.57769938953159
1.406935043322266E9,82.29990463023192
1.406935048789655E9,82.29990463023192
1.406935055450488E9,82.29990463023192
1.406935060925096E9,84.40573028471158
1.406935066389391E9,84.40573028471158
1.406935071789161E9,82.29990463023192
1.406935076828659E9,84.40573028471158
1.40693508215999E9,84.40573028471158
1.406935087900657E9,84.40573028471158
1.406935093674435E9,84.47187373505193
1.406935098693714E9,82.29990463023192
1.40693510380518E9,82.29990463023192
1.406935108977828E9,86.57769938953159
1.406935114348738E9,82.29990463023192
1.406935120075681E9,84.40573028471158
1.406935125170086E9,84.47187373505193
1.406935130439953E9,82.29990463023192
1.406935135589464E9,82.29990463023192
1.406935141020248E9,82.29990463023192
1.406935146368674E9,82.29990463023192
1.406935151726456E9,82.29990463023192
1.406935157001683E9,82.29990463023192
1.406935162241303E9,82.29990463023192
1.406935167640801E9,82.29990463023192
1.406935172760345E9,82.36604296152876
1.406935179300703E9,82.29990463023192
1.406935184743511E9,80.19407385670875
1.406935190297735E9,80.19407385670875
1.40693519542871E9,82.36604296152876
1.406935200981215E9,80.19407385670875
1.406935206147729E9,82.36604296152876
1.406935211703237E9,82.29990463023192
1.406935217328862E9,80.19407385670875
1.406935222711799E9,82.36604296152876
1.406935227924232E9,80.19407385670875
1.406935233346885E9,82.36604296152876
1.406935238694032E9,80.19407385670875
1.406935243924583E9,80.2602070689621
1.406935249374181E9,80.2602070689621
1.40693525516972E9,78.0882379641421
1.406935260415263E9,78.0882379641421
1.406935265671585E9,80.2602070689621
1.406935271027655E9,78.0882379641421
1.40693527676761E9,80.19407385670875
1.406935282380984E9,78.0882379641421
1.406935287224647E9,78.0882379641421
1.406935292528651E9,78.0882379641421
1.406935297852124E9,80.2602070689621
1.406935303598653E9,78.0882379641421
1.406935308688914E9,80.19407385670875
1.406935313700558E9,80.19407385670875
1.40693531972131E9,80.19407385670875
1.406935325231746E9,80.2602070689621
1.40693533038121E9,78.0882379641421
1.40693533567579E9,78.0882379641421
1.406935341950696E9,80.2602070689621
1.40693534734718E9,78.0882379641421
1.406935352343459E9,78.0882379641421
1.406935357825087E9,48.67205439524244
1.406935363549942E9,2.274736548772909
1.406935368867148E9,4.446705653592922
1.406935374267011E9,0.0
1.40693537960671E9,2.274736548772909
1.406935385148033E9,2.274736548772909
1.406935390473001E9,0.0
1.406935395347031E9,2.274736548772909
1.406935400591707E9,2.1719691048200125
1.406935406384446E9,0.0
1.406935411750311E9,0.0
1.406935417058873E9,2.274736548772909
1.406935422513413E9,0.0
1.406935428033518E9,0.0
1.406935433307341E9,2.274736548772909
1.406935438404534E9,0.0
1.406935443936093E9,2.1719691048200125
1.406935449357635E9,2.274736548772909
1.406935454596191E9,0.0
1.406935459564992E9,2.1719691048200125
1.406935464788433E9,2.274736548772909
1.406935471371096E9,2.1719691048200125
1.406935476760354E9,2.274736548772909
1.40693548184992E9,2.274736548772909
1.406935487217442E9,2.1719691048200125
1.406935492579596E9,2.274736548772909
1.406935498019393E9,2.274736548772909
1.406935503426931E9,4.446705653592922
1.406935508916769E9,2.274736548772909
1.406935514435159E9,2.1719691048200125
1.406935519602469E9,0.0
1.406935525096624E9,4.446705653592922
1.406935530541734E9,2.274736548772909
1.40693553607857E9,2.274736548772909
1.406935541432E9,2.1719691048200125
1.406935546698653E9,2.274736548772909
1.406935552126105E9,2.274736548772909
1.406935557488719E9,4.446705653592922
1.406935562902433E9,2.274736548772909
1.406935568373862E9,2.1719691048200125
1.406935573913916E9,0.0
1.406935579340777E9,2.274736548772909
1.406935584547533E9,2.1719691048200125
1.406935589797059E9,0.0
1.40693559648871E9,0.0
1.406935602041561E9,2.274736548772909
1.406935607208968E9,2.1719691048200125
1.406935612499284E9,2.274736548772909
1.406935617789382E9,2.274736548772909
1.406935623143537E9,2.1719691048200125
1.406935628305296E9,2.274736548772909
1.406935633439292E9,0.0
1.40693563874282E9,2.274736548772909
1.406935644423708E9,2.274736548772909
1.406935649557013E9,2.274736548772909
1.406935654489464E9,0.0
1.406935659964259E9,2.1719691048200125
1.406935665501047E9,2.274736548772909
1.406935670598603E9,0.0
1.406935675894165E9,0.0
1.406935681519751E9,2.274736548772909
1.406935687024063E9,2.274736548772909
1.406935692498014E9,2.1719691048200125
1.406935697487913E9,2.274736548772909
1.406935702790835E9,0.0
1.406935708616554E9,4.446705653592922
1.406935714278104E9,2.274736548772909
1.406935719211964E9,0.0
1.406935724671155E9,2.274736548772909
1.406935729956315E9,2.274736548772909
1.406935735292069E9,0.0
1.406935740361474E9,2.274736548772909
1.406935745850855E9,0.0
1.406935751071574E9,4.446705653592922
1.406935756350676E9,0.0
1.406935761783915E9,0.0
1.406935767138479E9,4.446705653592922
1.406935772811071E9,2.274736548772909
1.406935779468795E9,2.274736548772909
1.406935784902257E9,2.274736548772909
1.406935790078812E9,4.446705653592922
1.406935795389415E9,0.0
1.406935800880771E9,0.0
1.406935806103176E9,4.446705653592922
1.406935811470749E9,0.0
1.406935816779914E9,0.0
1.406935822010867E9,4.446705653592922
1.40693582784778E9,2.274736548772909
1.406935833037825E9,2.1719691048200125
1.406935838341553E9,2.274736548772909
1.406935843538057E9,2.274736548772909
1.406935848803885E9,2.274736548772909
1.406935854248205E9,0.0
1.40693585989433E9,0.0
1.406935864880038E9,4.446705653592922
1.406935870418052E9,0.0
1.406935875620445E9,2.274736548772909
1.406935880907981E9,2.274736548772909
1.406935885998393E9,0.0
1.406935891447206E9,2.274736548772909
1.406935896703351E9,4.446705653592922
1.406935902086064E9,2.274736548772909
1.406935907644554E9,0.0
1.406935912776179E9,2.1719691048200125
1.406935918090473E9,2.274736548772909
1.406935923582319E9,0.0
1.40693592890604E9,2.1719691048200125
1.406935934247459E9,2.274736548772909
1.406935939697186E9,2.1719691048200125
1.406935945213117E9,0.0
1.406935950436093E9,2.274736548772909
1.406935955531633E9,2.274736548772909
1.406935960978164E9,2.274736548772909
1.406935966297727E9,2.1719691048200125
1.406935972717985E9,2.274736548772909
1.406935977921877E9,2.1719691048200125
1.406935983408493E9,2.274736548772909
1.406935989195009E9,2.274736548772909
1.406935994344835E9,2.1719691048200125
1.406935999523178E9,2.274736548772909
1.406936004858594E9,2.274736548772909
1.406936010380962E9,2.1719691048200125
1.406936015672801E9,2.274736548772909
1.406936021015362E9,0.0
1.406936026757217E9,4.446705653592922
1.406936032228674E9,2.274736548772909
1.406936037102611E9,2.1719691048200125
1.406936042102326E9,2.274736548772909
1.406936048100348E9,2.274736548772909
1.406936053912686E9,0.0
1.406936058729947E9,2.274736548772909
1.406936063742458E9,0.0
1.406936069772509E9,4.446705653592922
1.406936075400866E9,2.274736548772909
1.406936080304406E9,0.0
1.406936085306965E9,4.446705653592922
1.406936091315319E9,2.274736548772909
1.406936096946189E9,2.274736548772909
1.406936101813426E9,0.0
1.406936107091578E9,2.274736548772909
1.406936112685527E9,2.1719691048200125
1.406936118346872E9,2.274736548772909
1.406936123604673E9,0.0
1.406936129225453E9,0.0
1.406936134768471E9,2.274736548772909
1.406936140153616E9,2.274736548772909
1.406936144977854E9,0.0
1.406936150420015E9,2.274736548772909
1.40693615592708E9,2.1719691048200125
1.406936161528962E9,2.274736548772909
1.406936166647909E9,0.0
1.406936172055104E9,0.0
1.406936177115766E9,2.274736548772909
1.406936182736365E9,0.0
1.406936187802398E9,2.274736548772909
1.406936193089047E9,0.0
1.40693619884561E9,2.274736548772909
1.406936204088742E9,2.274736548772909
1.406936209392929E9,0.0
1.406936214748231E9,0.0
1.406936220196026E9,2.274736548772909
1.406936225298835E9,0.0
1.40693623060992E9,4.446705653592922
1.406936235698268E9,0.0
1.406936240844914E9,2.274736548772909
1.406936246196757E9,2.1719691048200125
1.406936251529206E9,2.274736548772909
1.406936256878529E9,2.274736548772909
1.406936262255922E9,2.1719691048200125
1.40693626748334E9,2.274736548772909
1.406936272780434E9,0.0
1.406936277997955E9,2.274736548772909
1.406936283567501E9,0.0
1.406936289088916E9,2.1719691048200125
1.406936294402396E9,2.274736548772909
1.406936299317739E9,2.274736548772909
1.406936304587508E9,2.1719691048200125
1.406936309871935E9,0.0
1.406936315217817E9,4.446705653592922
1.406936320462361E9,0.0
1.406936325604634E9,2.274736548772909
1.406936331149199E9,0.0
1.406936336836825E9,0.0
1.406936343601557E9,0.0
1.406936348903975E9,0.0
1.406936354111768E9,4.446705653592922
1.406936359818647E9,0.0
1.406936364795457E9,0.0
1.40693637002671E9,4.446705653592922
1.406936375075402E9,0.0
1.406936380485332E9,2.274736548772909
1.406936386587153E9,4.446705653592922
1.406936391683463E9,0.0
1.406936396938892E9,2.274736548772909
1.406936402074288E9,2.1719691048200125
1.40693640761693E9,2.274736548772909
1.406936413436648E9,2.274736548772909
1.406936418925115E9,2.274736548772909
1.406936423822448E9,0.0
1.406936429681863E9,0.0
1.406936435025284E9,0.0
1.406936440090143E9,2.274736548772909
1.406936445480956E9,0.0
1.406936451115091E9,2.274736548772909
1.406936456611076E9,0.0
1.40693646147032E9,2.274736548772909
1.406936466751951E9,4.446705653592922
1.406936471982436E9,0.0
1.406936477429192E9,2.274736548772909
1.406936482702759E9,2.274736548772909
1.40693648954467E9,2.1719691048200125
1.406936494819952E9,0.0
1.406936500338218E9,2.274736548772909
1.40693650561311E9,2.1719691048200125
1.406936510875393E9,0.0
1.406936516350445E9,2.274736548772909
1.406936521557822E9,2.1719691048200125
1.40693652646605E9,2.274736548772909
1.406936532070942E9,2.274736548772909
1.406936537383343E9,2.1719691048200125
1.406936542673736E9,0.0
1.406936548080473E9,2.1719691048200125
1.406936553852667E9,2.274736548772909
1.406936559473396E9,2.274736548772909
1.406936564409001E9,2.1719691048200125
1.406936569605639E9,2.274736548772909
1.406936575409263E9,2.274736548772909
1.406936581167655E9,2.274736548772909
1.406936586221455E9,2.274736548772909
1.406936591486983E9,2.1719691048200125
1.406936597140423E9,0.0
1.406936602426823E9,2.274736548772909
1.406936607913703E9,2.274736548772909
1.406936613414268E9,0.0
1.406936619226883E9,0.0
1.406936624316869E9,0.0
1.406936629530959E9,4.446705653592922
1.406936635476475E9,2.274736548772909
1.406936641376093E9,4.446705653592922
1.406936646196597E9,0.0
1.406936651537071E9,2.274736548772909
1.406936657014717E9,2.1719691048200125
1.406936662882345E9,0.0
1.406936667909029E9,4.446705653592922
1.40693667325163E9,0.0
1.406936678717002E9,0.0
1.406936684247404E9,0.0
1.406936689284902E9,2.274736548772909
1.406936694273463E9,0.0
1.406936699847996E9,2.274736548772909
1.406936705686348E9,2.274736548772909
1.406936711015326E9,0.0
1.406936715865318E9,4.446705653592922
1.406936721342398E9,0.0
1.406936726794778E9,0.0
1.406936732059858E9,2.274736548772909
1.406936737492E9,2.274736548772909
1.406936742990525E9,2.274736548772909
1.406936748656821E9,2.274736548772909
1.406936754103659E9,0.0
1.406936759267501E9,4.446705653592922
1.406936764864085E9,0.0
1.406936770314256E9,4.446705653592922
1.406936775806109E9,2.274736548772909
1.406936780970437E9,0.0
1.406936786514278E9,2.1719691048200125
1.406936792103146E9,0.0
1.40693679749801E9,2.274736548772909
1.406936803163512E9,2.274736548772909
1.406936808463207E9,2.274736548772909
1.406936813692373E9,2.1719691048200125
1.406936819173657E9,0.0
1.406936824712E9,2.274736548772909
1.406936830357808E9,2.274736548772909
1.406936835482135E9,2.274736548772909
1.406936840813868E9,2.274736548772909
1.406936846014099E9,0.0
1.406936851320755E9,2.274736548772909
1.406936856675485E9,4.446705653592922
1.406936862052997E9,2.274736548772909
1.406936867558557E9,0.0
1.406936873139437E9,0.0
1.406936879630605E9,2.274736548772909
1.406936884799108E9,4.446705653592922
1.406936890319109E9,0.0
1.406936895989456E9,0.0
1.406936901177126E9,2.274736548772909
1.406936906422838E9,0.0
1.406936911623903E9,2.1719691048200125
1.406936917224238E9,0.0
1.406936922428054E9,2.274736548772909
1.40693692785457E9,4.446705653592922
1.40693693335715E9,2.274736548772909
1.406936939027131E9,4.446705653592922
1.406936944152138E9,0.0
1.40693694938872E9,2.274736548772909
1.40693695449455E9,2.1719691048200125
1.406936960248855E9,2.274736548772909
1.40693696568948E9,0.0
1.406936970821167E9,0.0
1.406936976268795E9,2.274736548772909
1.406936981609269E9,4.446705653592922
1.406936986996704E9,2.274736548772909
1.406936992364954E9,0.0
1.406936997699746E9,4.446705653592922
1.406937002920441E9,2.274736548772909
1.406937008408051E9,4.446705653592922
1.406937013811606E9,2.274736548772909
1.406937019222668E9,2.1719691048200125
1.406937024408325E9,2.274736548772909
1.406937029616025E9,0.0
1.406937034934583E9,2.274736548772909
1.406937040114467E9,0.0
1.406937045516906E9,2.274736548772909
1.406937051015159E9,2.274736548772909
1.406937056406553E9,0.0
1.406937062119229E9,4.446705653592922
1.406937067649724E9,0.0
1.406937072789172E9,0.0
1.406937078014978E9,4.446705653592922
1.406937083360706E9,2.274736548772909
1.406937088795129E9,0.0
1.406937094256656E9,2.1719691048200125
1.406937099171882E9,2.274736548772909
1.406937104634911E9,2.274736548772909
1.406937109824455E9,2.274736548772909
1.406937115068865E9,0.0
1.406937120183104E9,2.274736548772909
1.406937125609946E9,2.274736548772909
1.406937130920474E9,2.274736548772909
1.40693713638124E9,0.0
1.406937141502808E9,4.446705653592922
1.406937146640828E9,2.274736548772909
1.406937152406657E9,2.274736548772909
1.406937158476008E9,2.274736548772909
1.406937163755761E9,0.0
1.406937168984812E9,2.274736548772909
1.406937174636943E9,0.0
1.406937179983303E9,0.0
1.406937186527007E9,0.0
1.406937191930697E9,0.0
1.406937197732296E9,2.274736548772909
1.406937202679293E9,0.0
1.406937207875285E9,4.446705653592922
1.406937213225097E9,0.0
1.406937219032538E9,2.1719691048200125
1.406937224341725E9,2.274736548772909
1.406937229451525E9,0.0
1.406937234632131E9,4.446705653592922
1.406937240133682E9,0.0
1.406937245068696E9,673.8355303678334
1.406937250402434E9,95.00095081701531
1.406937255996322E9,92.8289817121953
1.406937261487986E9,94.93478177145748
1.406937266560365E9,97.10675087627749
1.406937271678669E9,97.04057671167617
1.406937277087204E9,92.8289817121953
1.406937282511478E9,94.93478177145748
1.406937288096619E9,94.93478177145748
1.406937293573055E9,95.00095081701531
1.406937299128866E9,92.8289817121953
1.406937304377979E9,92.8289817121953
1.406937309446793E9,92.89514563870962
1.406937314546679E9,90.72317653388961
1.406937320611846E9,90.78933534136046
1.406937325833496E9,88.61736623654045
1.406937331140158E9,88.61736623654045
1.406937336493468E9,90.78933534136046
1.406937341990854E9,86.51155082014776
1.406937347400603E9,88.68351992496777
1.406937352602128E9,86.51155082014776
1.406937358765874E9,84.40573028471158
1.406937364224838E9,84.40573028471158
1.406937369186296E9,84.40573028471158
1.406937374437375E9,86.57769938953159
1.406937379965763E9,82.29990463023192
1.406937385618151E9,82.29990463023192
1.406937391207067E9,82.29990463023192
1.406937396530905E9,82.29990463023192
1.406937401992996E9,82.29990463023192
1.406937406961549E9,82.29990463023192
1.406937412189052E9,82.29990463023192
1.406937417833928E9,82.29990463023192
1.406937423847446E9,82.29990463023192
1.406937428721654E9,82.29990463023192
1.406937434007522E9,84.47187373505193
1.406937439172019E9,82.29990463023192
1.406937444961658E9,82.29990463023192
1.406937450664188E9,82.29990463023192
1.406937455747808E9,84.40573028471158
1.406937461216614E9,84.47187373505193
1.406937466543873E9,84.40573028471158
1.406937471559267E9,82.29990463023192
1.406937477054898E9,84.47187373505193
1.406937482644557E9,82.29990463023192
1.406937488034273E9,82.29990463023192
1.406937493289494E9,84.47187373505193
1.406937498310783E9,82.29990463023192
1.406937503555674E9,82.29990463023192
1.406937508927116E9,82.29990463023192
1.406937514005687E9,82.29990463023192
1.406937519353295E9,82.29990463023192
1.406937524736875E9,84.47187373505193
1.406937530333421E9,82.29990463023192
1.406937535440759E9,84.40573028471158
1.406937540718296E9,84.47187373505193
1.406937546258088E9,84.40573028471158
1.406937551669363E9,82.29990463023192
1.406937556749892E9,84.47187373505193
1.406937562045898E9,84.40573028471158
1.406937567683513E9,86.57769938953159
1.406937572991764E9,82.29990463023192
1.406937577898359E9,84.40573028471158
1.406937583475051E9,84.47187373505193
1.406937588954705E9,82.29990463023192
1.40693759419825E9,82.29990463023192
1.406937599266201E9,86.57769938953159
1.406937605068355E9,82.29990463023192
1.406937610479726E9,82.29990463023192
1.406937615805453E9,84.47187373505193
1.406937621338414E9,84.40573028471158
1.406937626453546E9,84.40573028471158
1.406937631288798E9,84.40573028471158
1.406937636957435E9,82.29990463023192
1.406937642331179E9,86.57769938953159
1.406937647451672E9,82.29990463023192
1.406937652689943E9,82.29990463023192
1.406937657912792E9,84.47187373505193
1.406937663503038E9,82.29990463023192
1.406937669168874E9,84.47187373505193
1.406937674037596E9,82.29990463023192
1.406937679439959E9,80.19407385670875
1.40693768548358E9,82.29990463023192
1.406937690725108E9,82.29990463023192
1.406937695732034E9,84.47187373505193
1.406937701082018E9,82.29990463023192
1.406937706944822E9,82.29990463023192
1.406937712099166E9,80.19407385670875
1.406937717330663E9,80.19407385670875
1.406937722760127E9,80.19407385670875
1.406937728051011E9,80.19407385670875
1.406937733176577E9,82.29990463023192
1.406937738336772E9,82.36604296152876
1.406937743689586E9,82.29990463023192
1.406937749102166E9,82.36604296152876
1.406937754690518E9,80.19407385670875
1.406937759600382E9,80.19407385670875
1.406937764940695E9,80.19407385670875
1.406937770331252E9,82.36604296152876
1.406937775875639E9,80.19407385670875
1.40693778121045E9,82.36604296152876
1.406937786444961E9,80.19407385670875
1.40693779180307E9,80.19407385670875
1.40693779737284E9,82.36604296152876
1.406937802762386E9,80.19407385670875
1.406937807809545E9,80.19407385670875
1.406937813121647E9,82.36604296152876
1.406937818459043E9,80.19407385670875
1.406937824023651E9,78.0882379641421
1.406937829097143E9,78.0882379641421
1.40693783416982E9,80.19407385670875
1.406937839430183E9,80.19407385670875
1.406937845620805E9,80.19407385670875
1.406937851177412E9,78.0882379641421
1.406937856103696E9,82.36604296152876
1.406937861348706E9,78.0882379641421
1.40693786693996E9,78.0882379641421
1.406937872622508E9,80.2602070689621
1.406937877922109E9,78.0882379641421
1.406937882962438E9,80.2602070689621
1.406937888713166E9,78.0882379641421
1.406937894378027E9,78.0882379641421
1.406937899196615E9,82.36604296152876
1.406937904604125E9,78.0882379641421
1.406937909757376E9,78.0882379641421
1.406937915133988E9,4.446705653592922
1.406937920569493E9,0.0
1.406937925822926E9,0.0
1.406937931142508E9,2.274736548772909
1.406937936549225E9,0.0
1.406937942068926E9,2.1719691048200125
1.406937947461881E9,2.274736548772909
1.406937952883835E9,2.274736548772909
1.406937957703914E9,2.1719691048200125
1.406937963117881E9,2.274736548772909
1.406937969224999E9,2.1719691048200125
1.406937974458287E9,2.274736548772909
1.406937979479852E9,0.0
1.406937984684075E9,2.274736548772909
1.406937990359696E9,2.274736548772909
1.406937995565182E9,2.274736548772909
1.406938000921735E9,2.274736548772909
1.406938006181373E9,0.0
1.406938013168878E9,0.0
1.406938018305023E9,0.0
1.406938023660147E9,2.274736548772909
1.40693802922268E9,2.274736548772909
1.406938034852318E9,2.274736548772909
1.406938040093025E9,2.1719691048200125
1.406938045206367E9,0.0
1.406938050306765E9,2.274736548772909
1.406938055381093E9,2.1719691048200125
1.406938060670923E9,2.274736548772909
1.406938066207504E9,2.274736548772909
1.406938072017125E9,2.274736548772909
1.406938076887537E9,2.274736548772909
1.406938081884546E9,2.1719691048200125
1.406938087203986E9,2.274736548772909
1.406938093237278E9,2.274736548772909
1.406938098865225E9,4.446705653592922
1.406938104224327E9,0.0
1.406938109465822E9,2.1719691048200125
1.406938115388283E9,0.0
1.406938120572118E9,2.274736548772909
1.406938125611731E9,2.1719691048200125
1.406938130916059E9,0.0
1.406938136275339E9,2.274736548772909
1.40693814165216E9,2.1719691048200125
1.406938146705759E9,2.274736548772909
1.406938151920247E9,2.274736548772909
1.406938157333781E9,4.446705653592922
1.40693816263677E9,0.0
1.40693816774616E9,2.274736548772909
1.406938173144867E9,4.446705653592922
1.406938178365409E9,0.0
1.406938183861471E9,2.274736548772909
1.406938189228117E9,4.446705653592922
1.406938194615609E9,0.0
1.406938199847154E9,0.0
1.406938205133774E9,2.274736548772909
1.406938210568343E9,2.274736548772909
1.406938216140913E9,4.446705653592922
1.406938220944106E9,0.0
1.406938226288781E9,2.274736548772909
1.406938231459448E9,0.0
1.406938236532692E9,4.446705653592922
1.406938241895707E9,0.0
1.406938247562503E9,2.274736548772909
1.40693825297683E9,4.446705653592922
1.406938258571238E9,0.0
1.406938263827386E9,2.1719691048200125
1.406938269098315E9,2.274736548772909
1.406938274594616E9,0.0
1.406938279997444E9,0.0
1.40693828516094E9,2.274736548772909
1.40693829060749E9,0.0
1.406938295915099E9,2.1719691048200125
1.406938301455147E9,0.0
1.406938306874249E9,0.0
1.40693831227081E9,2.274736548772909
1.406938317734357E9,0.0
1.406938323351908E9,0.0
1.406938328716642E9,2.274736548772909
1.406938334057364E9,4.446705653592922
1.406938339597537E9,0.0
1.406938344933138E9,0.0
1.406938389829624E9,2.274736548772909
1.406938395054921E9,2.1719691048200125
1.406938400224811E9,2.274736548772909
1.406938405379052E9,0.0
1.406938410934797E9,0.0
1.406938416192396E9,2.274736548772909
1.406938421420595E9,0.0
1.40693842627346E9,4.446705653592922
1.406938431274259E9,2.274736548772909
1.406938437348794E9,4.446705653592922
1.406938442752143E9,0.0
1.406938447998564E9,0.0
1.406938452782433E9,2.274736548772909
1.406938458382475E9,0.0
1.406938463549288E9,2.274736548772909
1.406938468802457E9,4.446705653592922
1.406938474233988E9,2.274736548772909
1.406938481189061E9,0.0
1.406938486376154E9,2.274736548772909
1.406938491689973E9,4.446705653592922
1.406938496735094E9,0.0
1.406938501991274E9,0.0
1.406938506938538E9,4.446705653592922
1.406938512464033E9,0.0
1.406938517685766E9,2.274736548772909
1.406938523363319E9,4.446705653592922
1.406938528588824E9,0.0
1.406938534019115E9,0.0
1.406938539483022E9,0.0
1.406938545412298E9,0.0
1.406938550275398E9,4.446705653592922
1.406938555656723E9,0.0
1.406938560821317E9,2.274736548772909
1.406938566792326E9,4.446705653592922
1.406938571941355E9,0.0
1.406938577078237E9,4.446705653592922
1.406938582284501E9,0.0
1.406938587576911E9,2.274736548772909
1.406938592915532E9,0.0
1.406938598406375E9,2.274736548772909
1.406938603719839E9,0.0
1.406938608962426E9,0.0
1.406938614284762E9,2.274736548772909
1.406938619537518E9,0.0
1.406938624982849E9,2.274736548772909
1.406938630348656E9,0.0
1.406938636014868E9,0.0
1.40693864169261E9,2.274736548772909
1.406938646917343E9,2.274736548772909
1.406938652321072E9,2.1719691048200125
1.406938657726461E9,2.274736548772909
1.406938663014641E9,0.0
1.40693866830135E9,4.446705653592922
1.406938673350871E9,0.0
1.406938678873437E9,2.274736548772909
1.406938684468081E9,2.274736548772909
1.406938689702757E9,0.0
1.406938694741261E9,2.274736548772909
1.406938700428127E9,0.0
1.406938706342437E9,0.0
1.406938711676008E9,4.446705653592922
1.406938716993199E9,2.274736548772909
1.406938722531534E9,4.446705653592922
1.406938729187393E9,0.0
1.406938734444865E9,4.446705653592922
1.406938739850316E9,0.0
1.406938745607991E9,0.0
1.406938750822367E9,0.0
1.406938756206568E9,2.274736548772909
1.40693876166314E9,2.274736548772909
1.406938766919923E9,4.446705653592922
1.406938772934648E9,2.274736548772909
1.406938778389312E9,0.0
1.406938783861208E9,0.0
1.40693878922375E9,2.1719691048200125
1.406938794978543E9,0.0
1.406938800271695E9,2.274736548772909
1.406938805595347E9,0.0
1.406938810952828E9,0.0
1.406938816416768E9,4.446705653592922
1.406938821661523E9,0.0
1.406938826812593E9,2.274736548772909
1.406938832048166E9,0.0
1.406938837863762E9,0.0
1.40693884325448E9,4.446705653592922
1.406938848325027E9,0.0
1.406938853800521E9,2.274736548772909
1.406938858983055E9,0.0
1.406938864874509E9,2.274736548772909
1.406938870382851E9,4.446705653592922
1.406938875984385E9,2.274736548772909
1.40693888122035E9,0.0
1.406938886544211E9,2.1719691048200125
1.406938891680953E9,2.274736548772909
1.406938897359577E9,2.274736548772909
1.406938902688962E9,2.1719691048200125
1.40693890813271E9,0.0
1.406938913141187E9,0.0
1.406938918549037E9,4.446705653592922
1.406938924133815E9,2.274736548772909
1.406938929454322E9,0.0
1.406938934596628E9,4.446705653592922
1.406938939978992E9,0.0
1.40693894546925E9,4.446705653592922
1.406938950697248E9,0.0
1.406938955942822E9,0.0
1.406938961247553E9,4.446705653592922
1.406938966805714E9,0.0
1.406938972449271E9,2.1719691048200125
1.406938977307687E9,2.274736548772909
1.406938982935775E9,0.0
1.406938988381347E9,4.446705653592922
1.406938994006796E9,2.274736548772909
1.406938999183751E9,2.1719691048200125
1.406939004811795E9,0.0
1.406939009985564E9,0.0
1.406939015359172E9,4.446705653592922
1.406939020216431E9,0.0
1.406939025709705E9,2.274736548772909
1.406939031451064E9,4.446705653592922
1.406939037003372E9,2.274736548772909
1.406939042272643E9,2.274736548772909
1.406939047490754E9,0.0
1.406939052822961E9,4.446705653592922
1.406939058253585E9,2.274736548772909
1.406939063551854E9,2.1719691048200125
1.406939068800453E9,2.274736548772909
1.406939074338057E9,2.274736548772909
1.406939079401422E9,4.446705653592922
1.406939084876602E9,2.274736548772909
1.406939090126392E9,0.0
1.406939095421143E9,4.446705653592922
1.406939100950529E9,2.274736548772909
1.406939106382198E9,2.1719691048200125
1.406939111250588E9,2.274736548772909
1.406939116698243E9,0.0
1.406939122601821E9,2.274736548772909
1.40693912800052E9,2.274736548772909
1.406939133113006E9,2.1719691048200125
1.406939138198008E9,2.274736548772909
1.406939143363055E9,0.0
1.406939148691616E9,4.446705653592922
1.406939153875172E9,2.274736548772909
1.406939159229457E9,2.274736548772909
1.406939164692265E9,2.1719691048200125
1.406939170252871E9,0.0
1.406939175243889E9,2.274736548772909
1.406939180859925E9,0.0
1.406939186366495E9,2.274736548772909
1.406939191584807E9,2.1719691048200125
1.40693919683177E9,2.1719691048200125
1.406939201912026E9,2.274736548772909
1.406939207201575E9,2.1719691048200125
1.406939213002231E9,0.0
1.406939218517764E9,0.0
1.406939223664607E9,4.446705653592922
1.406939228918908E9,2.274736548772909
1.406939234097473E9,0.0
1.406939239229123E9,4.446705653592922
1.406939244499505E9,0.0
1.406939249899067E9,0.0
1.40693925516864E9,2.274736548772909
1.406939260688208E9,0.0
1.406939265932535E9,2.274736548772909
1.406939270769989E9,0.0
1.406939276132784E9,2.274736548772909
1.406939281824316E9,0.0
1.40693928738491E9,0.0
1.406939292597617E9,2.274736548772909
1.406939297689965E9,0.0
1.406939302836533E9,4.446705653592922
1.406939308130983E9,0.0
1.406939313018048E9,4.446705653592922
1.406939318474987E9,0.0
1.406939324212472E9,0.0
1.406939329434449E9,4.446705653592922
1.406939334514684E9,2.274736548772909
1.4069393396592E9,0.0
1.406939345388813E9,0.0
1.406939351174431E9,0.0
1.406939356421972E9,4.446705653592922
1.406939361659404E9,0.0
1.40693936736902E9,0.0
1.406939372773613E9,4.446705653592922
1.406939377613809E9,2.274736548772909
1.406939382975812E9,0.0
1.406939388938527E9,4.446705653592922
1.406939394487545E9,2.274736548772909
1.406939399740395E9,4.446705653592922
1.406939404813798E9,2.274736548772909
1.406939410633534E9,0.0
1.406939416605831E9,0.0
1.406939421720953E9,0.0
1.406939427109189E9,4.446705653592922
1.406939432731882E9,0.0
1.406939438145332E9,2.1719691048200125
1.406939443075169E9,2.274736548772909
1.406939448513499E9,2.274736548772909
1.406939454639137E9,4.446705653592922
1.40693945957948E9,0.0
1.406939464940156E9,0.0
1.40693947012703E9,4.446705653592922
1.406939475634524E9,0.0
1.406939481122273E9,0.0
1.406939486464271E9,0.0
1.406939491647962E9,2.274736548772909
1.406939497301751E9,4.446705653592922
1.406939502508941E9,0.0
1.406939507560231E9,2.274736548772909
1.406939513163015E9,2.274736548772909
1.406939518636759E9,0.0
1.406939524022485E9,2.1719691048200125
1.406939529086973E9,0.0
1.406939534473587E9,2.274736548772909
1.406939539878901E9,4.446705653592922
1.406939545237657E9,0.0
1.406939550537785E9,2.274736548772909
1.40693955561354E9,2.1719691048200125
1.406939560880118E9,0.0
1.406939565992814E9,2.274736548772909
1.406939571207089E9,2.1719691048200125
1.406939576687938E9,2.274736548772909
1.406939582261281E9,0.0
1.406939587849056E9,4.446705653592922
1.40693959288733E9,2.274736548772909
1.406939598352908E9,0.0
1.406939603540197E9,4.446705653592922
1.406939608839178E9,0.0
1.406939614246662E9,0.0
1.406939619507078E9,4.446705653592922
1.406939624777674E9,0.0
1.406939630264958E9,4.446705653592922
1.40693963561E9,0.0
1.406939640763006E9,2.274736548772909
1.40693964599686E9,4.446705653592922
1.406939651577118E9,0.0
1.406939656881683E9,0.0
1.406939662022421E9,0.0
1.406939666841876E9,2.274736548772909
1.406939672427402E9,0.0
1.406939677878874E9,2.1719691048200125
1.406939683306107E9,2.274736548772909
1.406939688868226E9,2.1719691048200125
1.406939694380031E9,0.0
1.406939699872582E9,2.274736548772909
1.406939704970336E9,0.0
1.406939710227468E9,2.274736548772909
1.406939715792163E9,0.0
1.406939721649388E9,0.0
1.406939726907043E9,0.0
1.406939731926702E9,2.1719691048200125
1.406939737237192E9,2.274736548772909
1.406939743374003E9,2.274736548772909
1.406939749130456E9,2.274736548772909
1.406939754364129E9,0.0
1.406939759227444E9,4.446705653592922
1.406939764775999E9,0.0
1.406939770078626E9,0.0
1.406939775525091E9,4.446705653592922
1.406939780711699E9,0.0
1.406939785601923E9,2.274736548772909
1.406939791203817E9,0.0
1.406939796612289E9,2.274736548772909
1.406939801921769E9,2.274736548772909
1.406939807105379E9,0.0
1.406939812507013E9,2.274736548772909
1.406939817954996E9,2.274736548772909
1.406939823228927E9,2.274736548772909
1.406939828593622E9,0.0
1.406939833968134E9,0.0
1.406939839351682E9,2.274736548772909
1.406939844457103E9,0.0
1.406939850188372E9,0.0
1.406939855471122E9,2.274736548772909
1.406939860958978E9,107.63567438693595
1.40693986594398E9,92.8289817121953
1.406939871335269E9,95.00095081701531
1.406939877001835E9,94.93478177145748
1.406939882307769E9,97.04057671167617
1.406939887626913E9,97.10675087627749
1.406939892839956E9,94.93478177145748
1.406939898126748E9,94.93478177145748
1.40693990321079E9,97.10675087627749
1.406939908558774E9,94.93478177145748
1.406939913831374E9,92.8289817121953
1.406939919167117E9,92.8289817121953
1.406939924358452E9,90.72317653388961
1.40693992957805E9,88.61736623654045
1.406939934856605E9,90.78933534136046
1.406939940351139E9,88.61736623654045
1.406939945545575E9,86.51155082014776
1.406939950688919E9,88.68351992496777
1.406939956091788E9,88.61736623654045
1.406939961508263E9,88.68351992496777
1.406939966891838E9,84.40573028471158
1.406939972091319E9,84.40573028471158
1.406939977297165E9,86.57769938953159
1.40693998252943E9,82.29990463023192
1.406939987955063E9,82.29990463023192
1.406939993157312E9,84.47187373505193
1.406939998442936E9,84.40573028471158
1.406940003827297E9,82.29990463023192
1.406940009561988E9,84.47187373505193
1.406940014635776E9,82.29990463023192
1.406940019780006E9,82.29990463023192
1.406940025298799E9,84.47187373505193
1.406940030794409E9,82.29990463023192
1.406940036056975E9,84.47187373505193
1.406940041541458E9,82.29990463023192
1.406940046757213E9,82.29990463023192
1.406940052154087E9,82.36604296152876
1.406940057510411E9,82.29990463023192
1.406940062593848E9,82.29990463023192
1.406940068032407E9,84.47187373505193
1.406940073481177E9,82.29990463023192
1.406940078898109E9,82.29990463023192
1.406940084238145E9,82.29990463023192
1.406940090040432E9,82.29990463023192
1.406940095368212E9,82.29990463023192
1.406940100719633E9,82.29990463023192
1.406940105887014E9,82.29990463023192
1.406940111349663E9,82.29990463023192
1.406940116244234E9,84.40573028471158
1.406940121612823E9,82.29990463023192
1.40694012712828E9,82.29990463023192
1.406940132910895E9,82.29990463023192
1.406940138044393E9,86.57769938953159
1.406940143300788E9,82.29990463023192
1.406940148616812E9,82.29990463023192
1.406940153803111E9,84.47187373505193
1.406940159622428E9,82.29990463023192
1.406940165223293E9,84.47187373505193
1.406940170396985E9,84.40573028471158
1.406940175594486E9,84.40573028471158
1.406940180745558E9,82.29990463023192
1.406940185958146E9,86.57769938953159
1.40694019117067E9,84.40573028471158
1.406940196602386E9,86.57769938953159
1.406940201747939E9,82.29990463023192
1.406940206848285E9,84.40573028471158
1.406940212176917E9,84.47187373505193
1.406940217573504E9,84.40573028471158
1.406940222908105E9,84.40573028471158
1.406940228399409E9,82.29990463023192
1.406940233672156E9,84.40573028471158
1.406940238811825E9,86.57769938953159
1.406940244117423E9,82.29990463023192
1.406940249362853E9,82.29990463023192
1.406940254744493E9,84.47187373505193
1.40694026010498E9,82.29990463023192
1.406940265415226E9,82.29990463023192
1.406940270742886E9,84.47187373505193
1.406940275936548E9,80.19407385670875
1.406940281184194E9,82.29990463023192
1.40694028651777E9,84.47187373505193
1.406940291803271E9,82.29990463023192
1.4069402971048E9,82.36604296152876
1.406940302472827E9,82.29990463023192
1.40694030795993E9,80.19407385670875
1.406940313463712E9,80.19407385670875
1.406940318568269E9,82.36604296152876
1.406940323381764E9,80.19407385670875
1.406940328652009E9,80.19407385670875
1.406940334842634E9,82.36604296152876
1.406940340688075E9,80.19407385670875
1.406940345786533E9,82.36604296152876
1.406940350810815E9,82.36604296152876
1.406940356146638E9,78.0882379641421
1.406940361337666E9,80.19407385670875
1.406940366514699E9,80.2602070689621
1.406940371612411E9,80.19407385670875
1.406940376675008E9,78.0882379641421
1.406940381955256E9,80.2602070689621
1.406940387260045E9,80.19407385670875
1.406940393000622E9,78.0882379641421
1.406940398559233E9,78.0882379641421
1.406940403979854E9,78.0882379641421
1.406940409276377E9,78.0882379641421
1.406940414331938E9,78.0882379641421
1.406940419571661E9,80.19407385670875
1.40694042484373E9,80.2602070689621
1.406940429718951E9,75.98239695253193
1.406940435644948E9,78.0882379641421
1.406940441267653E9,78.0882379641421
1.406940446533347E9,78.0882379641421
1.406940451615588E9,78.0882379641421
1.406940456758208E9,80.2602070689621
1.406940461886966E9,78.0882379641421
1.406940467301744E9,4.446705653592922
1.406940472645884E9,0.0
1.406940477802274E9,0.0
1.406940483060677E9,2.274736548772909
1.406940488368552E9,0.0
1.406940493543228E9,2.274736548772909
1.406940498795546E9,0.0
1.406940504222826E9,0.0
1.406940509996748E9,0.0
1.406940515289252E9,2.274736548772909
1.406940520474559E9,0.0
1.406940525554087E9,2.274736548772909
1.406940530968792E9,2.274736548772909
1.406940536314034E9,2.274736548772909
1.406940541569902E9,2.1719691048200125
1.40694054687922E9,0.0
1.406940552346991E9,2.274736548772909
1.406940557384613E9,0.0
1.40694056326311E9,0.0
1.406940568919732E9,4.446705653592922
1.406940574424389E9,0.0
1.406940579350242E9,4.446705653592922
1.406940584748194E9,0.0
1.406940590033105E9,0.0
1.406940595406917E9,4.446705653592922
1.406940600898346E9,2.274736548772909
1.406940605927458E9,2.274736548772909
1.406940611141156E9,2.1719691048200125
1.406940616483654E9,2.274736548772909
1.406940621866165E9,0.0
1.406940626716774E9,2.1719691048200125
1.406940632331236E9,2.274736548772909
1.406940637984488E9,2.274736548772909
1.406940643436396E9,0.0
1.406940648561699E9,2.274736548772909
1.406940653832393E9,2.274736548772909
1.406940658983784E9,2.1719691048200125
1.406940664402827E9,2.274736548772909
1.406940670010134E9,0.0
1.406940675224701E9,2.274736548772909
1.406940680474023E9,0.0
1.406940685812814E9,2.274736548772909
1.406940691073249E9,2.274736548772909
1.406940696023574E9,0.0
1.406940701438246E9,2.274736548772909
1.40694070741895E9,2.274736548772909
1.406940712630442E9,0.0
1.406940717893721E9,2.1719691048200125
1.406940723028525E9,2.274736548772909
1.406940728815141E9,2.274736548772909
1.406940734185686E9,2.274736548772909
1.406940739613196E9,0.0
1.406940744838009E9,2.1719691048200125
1.406940750043658E9,2.274736548772909
1.406940755730993E9,2.274736548772909
1.406940761122561E9,2.274736548772909
1.406940766663095E9,0.0
1.406940772032195E9,0.0
1.406940777244256E9,2.274736548772909
1.406940782411724E9,0.0
1.406940787758163E9,4.446705653592922
1.406940793394808E9,2.274736548772909
1.406940798915597E9,2.274736548772909
1.406940804078897E9,0.0
1.406940809916035E9,2.274736548772909
1.406940815230117E9,2.1719691048200125
1.406940820393625E9,2.274736548772909
1.406940825676902E9,0.0
1.406940830953179E9,2.274736548772909
1.406940837014084E9,0.0
1.406940842222841E9,2.274736548772909
1.406940847147245E9,4.446705653592922
1.406940852718909E9,0.0
1.406940858702061E9,2.1719691048200125
1.406940864221084E9,0.0
1.406940869353196E9,2.274736548772909
1.406940874786455E9,4.446705653592922
1.406940880111656E9,2.274736548772909
1.406940885306981E9,2.1719691048200125
1.406940890453376E9,2.274736548772909
1.406940895707401E9,0.0
1.406940900705455E9,0.0
1.406940906568298E9,2.274736548772909
1.406940911731402E9,2.274736548772909
1.406940917169523E9,2.1719691048200125
1.40694092247204E9,2.274736548772909
1.406940928078665E9,2.274736548772909
1.406940933321628E9,4.446705653592922
1.406940938410664E9,0.0
1.406940943636158E9,2.274736548772909
1.406940948732086E9,2.1719691048200125
1.406940953893383E9,0.0
1.406940959075903E9,4.446705653592922
1.406940964217914E9,0.0
1.406940969732668E9,2.274736548772909
1.406940976297131E9,0.0
1.406940981597387E9,2.274736548772909
1.406940986890798E9,2.274736548772909
1.40694099239125E9,2.274736548772909
1.406940997612592E9,0.0
1.40694100289213E9,4.446705653592922
1.406941008327254E9,2.274736548772909
1.406941013716202E9,0.0
1.40694101898786E9,2.1719691048200125
1.406941024229568E9,2.274736548772909
1.406941029832126E9,2.274736548772909
1.406941035550942E9,2.274736548772909
1.406941040713238E9,0.0
1.406941045554111E9,2.274736548772909
1.40694105085235E9,4.446705653592922
1.406941056745405E9,0.0
1.406941062583545E9,4.446705653592922
1.406941067839254E9,0.0
1.406941073120311E9,0.0
1.40694107826607E9,2.274736548772909
1.406941083609699E9,0.0
1.406941088922253E9,2.274736548772909
1.406941094298088E9,0.0
1.406941099999324E9,0.0
1.40694110531355E9,4.446705653592922
1.406941110703365E9,0.0
1.406941115964946E9,0.0
1.406941121150424E9,2.274736548772909
1.406941126559375E9,2.274736548772909
1.406941131752555E9,0.0
1.406941136970197E9,2.1719691048200125
1.40694114209675E9,2.274736548772909
1.406941147222205E9,0.0
1.406941152629667E9,4.446705653592922
1.406941158226983E9,2.274736548772909
1.406941163712833E9,0.0
1.406941168598121E9,4.446705653592922
1.406941173865536E9,2.274736548772909
1.406941179003502E9,0.0
1.406941184064818E9,0.0
1.406941189565567E9,2.274736548772909
1.406941194872118E9,2.274736548772909
1.406941200183608E9,0.0
1.40694120566651E9,2.274736548772909
1.40694121103136E9,4.446705653592922
1.406941216147395E9,2.274736548772909
1.406941221233088E9,0.0
1.406941226982232E9,4.446705653592922
1.40694123252401E9,2.274736548772909
1.406941237683521E9,0.0
1.406941242833063E9,2.1719691048200125
1.406941248318021E9,0.0
1.40694125392024E9,4.446705653592922
1.406941259436756E9,2.274736548772909
1.406941264406589E9,0.0
1.406941269897054E9,4.446705653592922
1.406941274984521E9,2.274736548772909
1.406941280203155E9,4.446705653592922
1.406941285835523E9,0.0
1.406941291296582E9,0.0
1.406941296532177E9,4.446705653592922
1.406941301700014E9,0.0
1.406941306786149E9,2.274736548772909
1.406941312130477E9,0.0
1.406941317884712E9,2.274736548772909
1.406941323498324E9,4.446705653592922
1.406941328613844E9,0.0
1.406941333497885E9,2.274736548772909
1.406941338486806E9,0.0
1.406941344150774E9,0.0
1.406941349912072E9,2.274736548772909
1.406941355199637E9,2.1719691048200125
1.406941360449098E9,2.274736548772909
1.406941365859765E9,0.0
1.406941371256406E9,2.1719691048200125
1.406941376372975E9,2.274736548772909
1.406941381684102E9,2.274736548772909
1.406941387072244E9,2.274736548772909
1.406941392269391E9,0.0
1.406941397455871E9,2.274736548772909
1.406941402814441E9,2.1719691048200125
1.406941408000769E9,0.0
1.406941413566895E9,2.274736548772909
1.406941419164385E9,2.274736548772909
1.406941424620691E9,2.274736548772909
1.406941429924145E9,4.446705653592922
1.406941435095839E9,0.0
1.406941440198292E9,2.274736548772909
1.406941445092548E9,2.1719691048200125
1.406941451502438E9,0.0
1.406941457204116E9,4.446705653592922
1.406941462057041E9,0.0
1.406941467314752E9,2.274736548772909
1.406941472878903E9,2.1719691048200125
1.406941478585562E9,2.274736548772909
1.406941483789542E9,0.0
1.406941489133514E9,0.0
1.406941494718106E9,2.274736548772909
1.406941500368666E9,4.446705653592922
1.406941505384289E9,2.274736548772909
1.406941510634534E9,0.0
1.406941516139004E9,2.1719691048200125
1.406941521660638E9,2.274736548772909
1.406941526640212E9,0.0
1.406941531590263E9,4.446705653592922
1.406941537019516E9,0.0
1.406941542649763E9,2.274736548772909
1.406941547656292E9,2.1719691048200125
1.406941553197091E9,0.0
1.406941558995315E9,0.0
1.406941564166065E9,2.274736548772909
1.406941569283928E9,2.274736548772909
1.40694157440031E9,2.1719691048200125
1.406941579781563E9,2.274736548772909
1.406941585079476E9,2.274736548772909
1.406941590601813E9,0.0
1.406941596243311E9,0.0
1.406941601418912E9,4.446705653592922
1.406941606716942E9,2.274736548772909
1.406941612020939E9,2.274736548772909
1.406941617211199E9,0.0
1.406941622816079E9,2.274736548772909
1.406941628056379E9,2.274736548772909
1.406941633257132E9,2.274736548772909
1.406941638364131E9,0.0
1.406941643919693E9,4.446705653592922
1.406941649198802E9,2.274736548772909
1.406941654530288E9,0.0
1.406941660042844E9,0.0
1.406941665377432E9,2.274736548772909
1.406941670723878E9,2.1719691048200125
1.406941676328805E9,0.0
1.406941681483358E9,2.274736548772909
1.406941686651224E9,4.446705653592922
1.40694169204737E9,2.274736548772909
1.406941697512729E9,2.1719691048200125
1.406941702906438E9,2.274736548772909
1.406941708195725E9,2.274736548772909
1.406941713544337E9,0.0
1.406941718742572E9,2.1719691048200125
1.406941723816624E9,2.274736548772909
1.406941729150135E9,2.274736548772909
1.40694173431787E9,2.1719691048200125
1.40694173962998E9,2.274736548772909
1.406941745264276E9,2.274736548772909
1.406941750553E9,4.446705653592922
1.406941757416404E9,2.274736548772909
1.40694176273465E9,4.446705653592922
1.406941767687677E9,2.274736548772909
1.406941772691904E9,0.0
1.406941779017097E9,2.274736548772909
1.406941784865468E9,0.0
1.406941789905923E9,0.0
1.406941795129373E9,2.274736548772909
1.406941800410227E9,0.0
1.406941806055985E9,0.0
1.40694181134557E9,2.274736548772909
1.406941816248457E9,2.274736548772909
1.406941821727684E9,2.1719691048200125
1.406941827086885E9,0.0
1.406941832239538E9,2.274736548772909
1.406941837395084E9,2.1719691048200125
1.406941842678498E9,0.0
1.406941848066658E9,0.0
1.406941853130683E9,4.446705653592922
1.406941858419214E9,0.0
1.406941863853994E9,2.274736548772909
1.406941869794343E9,2.274736548772909
1.406941875244918E9,0.0
1.40694188044066E9,4.446705653592922
1.406941885806865E9,0.0
1.40694189112679E9,2.1719691048200125
1.406941896467053E9,2.274736548772909
1.406941901758579E9,0.0
1.40694190726239E9,2.1719691048200125
1.406941912568753E9,2.274736548772909
1.406941918033601E9,0.0
1.406941923643916E9,4.446705653592922
1.40694192918538E9,2.274736548772909
1.406941934790007E9,2.1719691048200125
1.406941939637474E9,2.274736548772909
1.406941944965574E9,2.274736548772909
1.406941950253636E9,4.446705653592922
1.406941955615969E9,0.0
1.406941960949792E9,2.274736548772909
1.406941966259239E9,4.446705653592922
1.406941971432319E9,0.0
1.4069419769413E9,0.0
1.40694198237887E9,2.274736548772909
1.406941987751401E9,0.0
1.406941993626024E9,2.274736548772909
1.406941998945696E9,2.274736548772909
1.406942004416191E9,2.1719691048200125
1.406942009778911E9,0.0
1.406942015207051E9,2.1719691048200125
1.4069420204601E9,2.274736548772909
1.406942025826314E9,0.0
1.406942031229401E9,2.1719691048200125
1.406942036271497E9,2.274736548772909
1.406942041650955E9,0.0
1.406942046791523E9,0.0
1.406942052214938E9,0.0
1.406942057424838E9,2.274736548772909
1.406942062895116E9,0.0
1.406942068453743E9,2.274736548772909
1.406942073698944E9,0.0
1.406942078803798E9,2.274736548772909
1.40694208441731E9,2.274736548772909
1.406942090488934E9,0.0
1.406942095574246E9,4.446705653592922
1.406942100693966E9,0.0
1.406942106288671E9,2.1719691048200125
1.406942112149464E9,0.0
1.406942117393242E9,2.274736548772909
1.406942122292597E9,2.1719691048200125
1.406942128038532E9,2.274736548772909
1.40694213349144E9,0.0
1.406942139029191E9,2.1719691048200125
1.406942144348717E9,2.274736548772909
1.406942149935008E9,2.1719691048200125
1.406942155750486E9,0.0
1.406942161010218E9,2.274736548772909
1.406942166229254E9,0.0
1.406942171757081E9,2.274736548772909
1.406942177602909E9,4.446705653592922
1.406942182766798E9,2.274736548772909
1.406942187821008E9,0.0
1.40694219291051E9,2.1719691048200125
1.406942198159275E9,2.274736548772909
1.406942203644242E9,0.0
1.406942208770205E9,4.446705653592922
1.406942214132711E9,2.274736548772909
1.406942219725214E9,2.1719691048200125
1.406942225023862E9,0.0
1.406942230850192E9,2.274736548772909
1.40694223584138E9,2.1719691048200125
1.406942241029693E9,2.274736548772909
1.406942246207956E9,0.0
1.406942251468506E9,4.446705653592922
1.406942256445953E9,0.0
1.406942261992352E9,0.0
1.40694226732269E9,0.0
1.406942272771968E9,2.274736548772909
1.406942277957461E9,2.274736548772909
1.406942283153817E9,0.0
1.406942288547873E9,2.274736548772909
1.406942293801049E9,2.1719691048200125
1.406942299071384E9,0.0
1.40694230453845E9,2.274736548772909
1.406942310020567E9,2.1719691048200125
1.406942315350437E9,2.274736548772909
1.406942320555682E9,0.0
1.406942325940877E9,0.0
1.406942331156662E9,0.0
1.406942337321588E9,2.1719691048200125
1.406942342877393E9,225.48438795376254
1.406942347724286E9,95.00095081701531
1.406942353187461E9,90.72317653388961
1.406942358939857E9,94.93478177145748
1.406942364126825E9,94.93478177145748
1.406942369345931E9,97.04057671167617
1.406942374719829E9,97.10675087627749
1.406942381525078E9,95.00095081701531
1.406942386395892E9,92.8289817121953
1.406942391680865E9,94.93478177145748
1.406942396940612E9,92.8289817121953
1.406942402531053E9,92.8289817121953
1.406942407398074E9,90.72317653388961
1.406942412928082E9,90.72317653388961
1.40694241865364E9,88.61736623654045
1.406942424210002E9,88.61736623654045
1.406942429062389E9,90.78933534136046
1.406942434289441E9,86.51155082014776
1.406942440197833E9,86.51155082014776
1.406942446305567E9,86.51155082014776
1.40694245112549E9,84.40573028471158
1.40694245636104E9,84.40573028471158
1.406942461709062E9,86.57769938953159
1.406942467316457E9,82.29990463023192
1.406942472660203E9,86.57769938953159
1.406942477699466E9,82.29990463023192
1.406942483317814E9,82.29990463023192
1.406942488851845E9,86.57769938953159
1.406942493901162E9,82.29990463023192
1.40694249891032E9,84.47187373505193
1.406942504773513E9,82.29990463023192
1.406942510792284E9,82.29990463023192
1.406942515730363E9,84.47187373505193
1.406942521326174E9,82.29990463023192
1.406942527339554E9,84.47187373505193
1.406942532412619E9,82.29990463023192
1.406942537741879E9,80.19407385670875
1.406942543186302E9,82.29990463023192
1.40694254857926E9,82.29990463023192
1.406942553785552E9,80.19407385670875
1.406942558725809E9,84.47187373505193
1.406942564162645E9,82.29990463023192
1.406942570636512E9,82.29990463023192
1.406942575842979E9,82.29990463023192
1.40694258064906E9,82.29990463023192
1.406942586141824E9,82.29990463023192
1.406942591876468E9,82.29990463023192
1.406942597069849E9,84.47187373505193
1.406942602253179E9,82.29990463023192
1.406942607382288E9,84.40573028471158
1.406942613031918E9,84.47187373505193
1.40694261827361E9,82.29990463023192
1.406942623126495E9,82.29990463023192
1.406942628514218E9,82.29990463023192
1.406942634749889E9,82.29990463023192
1.406942640110389E9,82.29990463023192
1.406942645554947E9,82.29990463023192
1.406942650992492E9,84.47187373505193
1.406942656447284E9,82.29990463023192
1.406942661983787E9,82.29990463023192
1.406942667241119E9,82.29990463023192
1.406942672537239E9,84.40573028471158
1.406942677689231E9,82.29990463023192
1.406942683239779E9,84.40573028471158
1.406942688659418E9,82.29990463023192
1.406942694043162E9,84.47187373505193
1.406942699450646E9,82.29990463023192
1.406942704649769E9,84.40573028471158
1.406942710327813E9,84.40573028471158
1.40694271557216E9,84.40573028471158
1.40694272045337E9,86.57769938953159
1.406942726255744E9,82.29990463023192
1.40694273253565E9,84.40573028471158
1.406942737863184E9,82.29990463023192
1.406942743120001E9,82.29990463023192
1.406942748797564E9,82.29990463023192
1.406942753770412E9,82.29990463023192
1.40694275878703E9,84.47187373505193
1.406942764536106E9,82.29990463023192
1.406942770355693E9,84.47187373505193
1.406942775639235E9,82.29990463023192
1.406942780473472E9,80.19407385670875
1.406942786025303E9,80.19407385670875
1.406942791807112E9,82.29990463023192
1.406942796783416E9,80.19407385670875
1.406942801759872E9,82.29990463023192
1.406942808689637E9,82.29990463023192
1.406942814983591E9,84.47187373505193
1.40694282004779E9,80.19407385670875
1.406942825039833E9,82.36604296152876
1.406942830657233E9,80.19407385670875
1.40694283649859E9,80.19407385670875
1.40694284178157E9,82.36604296152876
1.406942846929618E9,80.19407385670875
1.406942852209024E9,80.19407385670875
1.406942857738786E9,82.36604296152876
1.406942862778999E9,80.19407385670875
1.40694286825696E9,80.19407385670875
1.406942873710307E9,80.2602070689621
1.406942879117914E9,78.0882379641421
1.406942884456505E9,80.19407385670875
1.406942889880856E9,80.2602070689621
1.406942894998408E9,78.0882379641421
1.406942900336928E9,78.0882379641421
1.406942905877613E9,78.0882379641421
1.406942911330127E9,80.19407385670875
1.406942916555731E9,82.36604296152876
1.406942921896515E9,80.19407385670875
1.406942927037871E9,78.0882379641421
1.406942932145232E9,82.36604296152876
1.406942937627906E9,78.0882379641421
1.406942943214204E9,78.0882379641421
1.406942948061273E9,80.2602070689621
1.406942953650403E9,80.19407385670875
1.406942958722878E9,80.19407385670875
1.406942964074605E9,78.0882379641421
1.406942969226921E9,78.0882379641421
1.406942974413649E9,0.0
1.406942979533223E9,2.274736548772909
1.406942984880783E9,2.1719691048200125
1.406942990189111E9,0.0
1.406942996091122E9,2.1719691048200125
1.406943001574384E9,2.274736548772909
1.406943006821882E9,2.1719691048200125
1.406943012014525E9,0.0
1.406943017451128E9,0.0
1.406943022787438E9,2.274736548772909
1.406943028085146E9,2.274736548772909
1.406943033490638E9,2.1719691048200125
1.406943038722828E9,2.274736548772909
1.406943044372891E9,2.274736548772909
1.406943049808208E9,2.1719691048200125
1.406943054632631E9,0.0
1.406943060060132E9,0.0
1.406943066458104E9,0.0
1.406943071645632E9,2.274736548772909
1.406943076507776E9,2.1719691048200125
1.40694308176456E9,2.274736548772909
1.406943087468894E9,4.446705653592922
1.406943093243887E9,2.274736548772909
1.406943098518385E9,0.0
1.406943103474647E9,2.1719691048200125
1.406943108949516E9,2.274736548772909
1.406943114378748E9,2.274736548772909
1.406943119349549E9,0.0
1.406943124604012E9,2.274736548772909
1.406943130060821E9,0.0
1.406943135461275E9,0.0
1.40694314085683E9,2.274736548772909
1.406943146095797E9,2.274736548772909
1.406943151568024E9,0.0
1.406943157054461E9,0.0
1.406943162448732E9,2.274736548772909
1.406943167264954E9,0.0
1.406943172972999E9,2.274736548772909
1.406943178550846E9,2.274736548772909
1.406943184208479E9,2.274736548772909
1.406943189530681E9,0.0
1.406943194928092E9,2.274736548772909
1.406943200257083E9,2.274736548772909
1.406943205546464E9,2.1719691048200125
1.406943210454661E9,2.274736548772909
1.40694321587249E9,2.274736548772909
1.406943221446307E9,4.446705653592922
1.406943228064557E9,0.0
1.406943233639551E9,2.274736548772909
1.406943239135961E9,2.274736548772909
1.406943244394589E9,2.1719691048200125
1.40694324936983E9,2.274736548772909
1.406943254695636E9,0.0
1.406943260183991E9,0.0
1.406943265783645E9,2.274736548772909
1.406943271092184E9,2.1719691048200125
1.406943276315914E9,2.274736548772909
1.406943281566468E9,0.0
1.406943287116358E9,2.1719691048200125
1.406943292731509E9,2.274736548772909
1.406943297606037E9,0.0
1.406943303095384E9,2.1719691048200125
1.406943308740502E9,2.274736548772909
1.406943313915981E9,4.446705653592922
1.406943319172945E9,0.0
1.406943324648856E9,0.0
1.406943330153195E9,0.0
1.406943335631786E9,2.274736548772909
1.406943340448116E9,0.0
1.406943345714761E9,4.446705653592922
1.406943351103185E9,2.274736548772909
1.406943356908681E9,2.274736548772909
1.406943361824896E9,2.1719691048200125
1.406943367285922E9,2.274736548772909
1.406943372627503E9,2.1719691048200125
1.406943377976049E9,0.0
1.406943383168597E9,2.274736548772909
1.406943388387334E9,2.274736548772909
1.406943393757742E9,0.0
1.406943398955428E9,0.0
1.406943404177639E9,2.274736548772909
1.406943408996045E9,0.0
1.406943414317181E9,4.446705653592922
1.40694342055391E9,2.274736548772909
1.406943425770921E9,2.274736548772909
1.406943430747958E9,0.0
1.406943435979007E9,2.274736548772909
1.406943441778591E9,2.1719691048200125
1.40694344700204E9,0.0
1.406943452293694E9,0.0
1.406943457752304E9,2.274736548772909
1.406943462966843E9,2.274736548772909
1.406943468413371E9,2.1719691048200125
1.406943473292771E9,2.274736548772909
1.406943478781417E9,0.0
1.40694348448604E9,2.1719691048200125
1.406943490738615E9,0.0
1.406943495589864E9,2.274736548772909
1.406943500835201E9,4.446705653592922
1.406943505960936E9,2.274736548772909
1.406943511980489E9,0.0
1.406943517397262E9,0.0
1.406943522627813E9,2.274736548772909
1.406943527778428E9,0.0
1.406943532880777E9,2.1719691048200125
1.406943537957217E9,2.274736548772909
1.406943543353945E9,0.0
1.406943548517467E9,4.446705653592922
1.406943554035573E9,2.274736548772909
1.406943559605956E9,4.446705653592922
1.406943565022307E9,2.274736548772909
1.406943570447961E9,0.0
1.406943575734721E9,4.446705653592922
1.406943581622449E9,2.274736548772909
1.40694358686752E9,0.0
1.40694359204231E9,4.446705653592922
1.406943597469362E9,0.0
1.406943602924107E9,2.274736548772909
1.406943608265449E9,2.274736548772909
1.406943613443163E9,0.0
1.406943618985049E9,4.446705653592922
1.406943624902381E9,2.274736548772909
1.406943630179752E9,2.274736548772909
1.40694363528168E9,2.274736548772909
1.406943640485026E9,0.0
1.406943645760052E9,4.446705653592922
1.406943650858717E9,0.0
1.406943656274864E9,2.1719691048200125
1.406943661590398E9,2.274736548772909
1.406943666971609E9,0.0
1.40694367225896E9,4.446705653592922
1.406943677109306E9,0.0
1.40694368250327E9,2.274736548772909
1.406943688222177E9,4.446705653592922
1.406943693584443E9,0.0
1.406943698436867E9,2.274736548772909
1.406943704011479E9,2.1719691048200125
1.40694370990294E9,2.274736548772909
1.406943715465688E9,2.274736548772909
1.406943720933043E9,2.274736548772909
1.40694372616122E9,2.274736548772909
1.406943731693301E9,0.0
1.406943737114844E9,0.0
1.406943742247169E9,0.0
1.40694374740975E9,2.274736548772909
1.406943753010438E9,2.1719691048200125
1.406943758438293E9,0.0
1.406943763874915E9,2.274736548772909
1.406943769207491E9,2.274736548772909
1.406943774671782E9,0.0
1.406943780100327E9,2.1719691048200125
1.406943785333749E9,0.0
1.406943790226363E9,4.446705653592922
1.406943795742887E9,0.0
1.406943801323791E9,0.0
1.406943806472049E9,2.274736548772909
1.406943811674258E9,2.274736548772909
1.406943817204987E9,4.446705653592922
1.406943822993203E9,0.0
1.406943828172945E9,0.0
1.406943833266407E9,4.446705653592922
1.406943838425311E9,0.0
1.406943843733789E9,2.274736548772909
1.406943848948834E9,4.446705653592922
1.406943854280956E9,2.274736548772909
1.406943859448381E9,0.0
1.4069438650228E9,4.446705653592922
1.406943870214593E9,2.274736548772909
1.406943875456068E9,0.0
1.406943880787913E9,4.446705653592922
1.406943886198111E9,0.0
1.406943891648646E9,4.446705653592922
1.40694389679483E9,0.0
1.406943901873718E9,2.274736548772909
1.40694390700238E9,2.274736548772909
1.40694391233476E9,0.0
1.406943917885491E9,0.0
1.406943923057944E9,0.0
1.406943928245503E9,2.274736548772909
1.406943933438935E9,0.0
1.40694393939267E9,0.0
1.40694394503931E9,0.0
1.40694395028073E9,4.446705653592922
1.406943955419251E9,2.274736548772909
1.406943960656807E9,0.0
1.406943966077631E9,0.0
1.406943971038133E9,2.274736548772909
1.406943976050878E9,0.0
1.406943981660665E9,4.446705653592922
1.406943987452564E9,2.274736548772909
1.406943992952122E9,2.274736548772909
1.406943998228731E9,2.274736548772909
1.406944003368918E9,0.0
1.406944008892758E9,2.274736548772909
1.40694401423667E9,2.274736548772909
1.406944019078763E9,0.0
1.406944024320113E9,4.446705653592922
1.406944029544731E9,2.274736548772909
1.406944034867495E9,0.0
1.40694404009661E9,2.1719691048200125
1.406944045442587E9,2.274736548772909
1.406944050473066E9,0.0
1.406944056337905E9,2.1719691048200125
1.406944061625451E9,2.274736548772909
1.406944068280905E9,0.0
1.406944073450424E9,2.274736548772909
1.406944078947063E9,2.274736548772909
1.406944084392489E9,2.274736548772909
1.406944089665775E9,0.0
1.406944094976672E9,2.274736548772909
1.406944100488424E9,2.274736548772909
1.406944105628726E9,0.0
1.406944110947306E9,2.1719691048200125
1.406944116164835E9,2.274736548772909
1.406944121661273E9,0.0
1.406944127160317E9,2.274736548772909
1.406944132425751E9,0.0
1.406944137356848E9,4.446705653592922
1.406944142837117E9,2.274736548772909
1.406944148181051E9,4.446705653592922
1.406944153481586E9,0.0
1.406944158818229E9,2.274736548772909
1.40694416419861E9,2.274736548772909
1.406944169531569E9,0.0
1.406944174962924E9,0.0
1.406944180175337E9,2.274736548772909
1.406944185889867E9,0.0
1.406944191188715E9,4.446705653592922
1.40694419636645E9,0.0
1.406944201606903E9,2.274736548772909
1.406944206817157E9,0.0
1.40694421216444E9,0.0
1.406944217706486E9,2.274736548772909
1.406944224306102E9,0.0
1.406944229494332E9,0.0
1.406944234745017E9,4.446705653592922
1.406944240156915E9,2.274736548772909
1.406944245308565E9,0.0
1.406944250512476E9,2.274736548772909
1.406944255948378E9,0.0
1.40694426124787E9,2.1719691048200125
1.406944266566511E9,0.0
1.406944272035172E9,0.0
1.406944276897071E9,4.446705653592922
1.406944282228108E9,0.0
1.406944287983453E9,2.274736548772909
1.40694429331952E9,2.274736548772909
1.406944298150409E9,0.0
1.406944303513798E9,2.274736548772909
1.406944309080173E9,4.446705653592922
1.406944314408229E9,2.274736548772909
1.40694431985514E9,2.1719691048200125
1.406944325327566E9,0.0
1.406944330569566E9,2.274736548772909
1.406944335988596E9,4.446705653592922
1.406944340924069E9,0.0
1.40694434626216E9,4.446705653592922
1.406944351500223E9,0.0
1.406944356880736E9,0.0
1.406944362298495E9,0.0
1.406944367619673E9,4.446705653592922
1.40694437310313E9,0.0
1.406944378351736E9,2.274736548772909
1.406944383819247E9,0.0
1.406944388896815E9,0.0
1.40694439423258E9,4.446705653592922
1.406944399371883E9,0.0
1.406944404513392E9,2.274736548772909
1.406944409412868E9,4.446705653592922
1.406944414942984E9,0.0
1.40694442092984E9,0.0
1.406944426360864E9,0.0
1.406944431486178E9,2.274736548772909
1.406944436710804E9,2.1719691048200125
1.406944441810721E9,2.274736548772909
1.406944447046073E9,2.274736548772909
1.406944452710582E9,4.446705653592922
1.406944458240003E9,2.274736548772909
1.406944463800237E9,2.1719691048200125
1.406944468965098E9,0.0
1.406944474093003E9,4.446705653592922
1.406944479293035E9,2.274736548772909
1.406944484446823E9,0.0
1.406944489632964E9,2.274736548772909
1.406944494872751E9,2.1719691048200125
1.40694450055325E9,0.0
1.406944506148106E9,2.1719691048200125
1.406944511380393E9,2.274736548772909
1.406944516792941E9,0.0
1.406944522030264E9,4.446705653592922
1.406944527512258E9,0.0
1.406944532809853E9,2.274736548772909
1.406944538146152E9,2.274736548772909
1.406944543551694E9,2.274736548772909
1.406944548808954E9,0.0
1.406944553794587E9,2.1719691048200125
1.406944559420363E9,2.274736548772909
1.406944564659873E9,2.1719691048200125
1.406944569934339E9,2.1719691048200125
1.406944575368977E9,0.0
1.40694458057258E9,4.446705653592922
1.406944586250772E9,2.274736548772909
1.406944591617696E9,0.0
1.406944596503959E9,4.446705653592922
1.40694460177072E9,0.0
1.40694460814059E9,2.274736548772909
1.406944613570986E9,2.274736548772909
1.406944618610389E9,0.0
1.406944623854222E9,2.274736548772909
1.406944629340435E9,2.274736548772909
1.406944634657832E9,0.0
1.406944639943504E9,2.1719691048200125
1.406944645051959E9,0.0
1.406944650852792E9,2.274736548772909
1.406944656456523E9,2.274736548772909
1.40694466187123E9,0.0
1.406944667343539E9,2.1719691048200125
1.406944672851846E9,0.0
1.406944678186001E9,0.0
1.406944683366051E9,4.446705653592922
1.406944688555589E9,0.0
1.406944693822192E9,2.274736548772909
1.406944699320806E9,2.274736548772909
1.406944704667642E9,2.274736548772909
1.406944709864918E9,0.0
1.406944715274453E9,0.0
1.406944720687736E9,2.274736548772909
1.406944726683599E9,0.0
1.40694473185929E9,2.274736548772909
1.406944737220654E9,2.274736548772909
1.406944742346433E9,0.0
1.406944747656804E9,2.274736548772909
1.406944753179305E9,4.446705653592922
1.406944758453539E9,0.0
1.406944763700417E9,0.0
1.406944769173914E9,2.1719691048200125
1.406944774191345E9,2.274736548772909
1.406944779657912E9,0.0
1.406944785359811E9,2.1719691048200125
1.406944790856149E9,2.274736548772909
1.40694479606797E9,0.0
1.406944801392324E9,2.274736548772909
1.406944806718793E9,0.0
1.406944811901338E9,2.274736548772909
1.406944817275986E9,2.274736548772909
1.406944822835983E9,0.0
1.406944828170058E9,0.0
1.406944833477576E9,2.274736548772909
1.406944838568967E9,2.274736548772909
1.406944844015622E9,2.1719691048200125
1.406944850060199E9,2.274736548772909
1.406944855104494E9,0.0
1.406944860125086E9,0.0
1.406944865552561E9,4.446705653592922
1.406944871156439E9,2.274736548772909
1.40694487652192E9,2.1719691048200125
1.406944881827856E9,2.274736548772909
1.406944887273061E9,2.274736548772909
1.406944893215739E9,4.446705653592922
1.406944898509773E9,2.274736548772909
1.406944903377625E9,0.0
1.406944908384082E9,97.10675087627749
1.406944914351831E9,92.8289817121953
1.406944919969996E9,94.93478177145748
1.406944925092925E9,94.93478177145748
1.406944930501801E9,97.04057671167617
1.40694493631167E9,97.10675087627749
1.406944941915946E9,94.93478177145748
1.406944946871893E9,92.8289817121953
1.40694495244557E9,97.10675087627749
1.406944957834863E9,94.93478177145748
1.406944963277018E9,92.8289817121953
1.406944968416618E9,92.89514563870962
1.406944973669881E9,90.72317653388961
1.40694497895753E9,90.72317653388961
1.406944984444164E9,90.78933534136046
1.40694498966989E9,86.51155082014776
1.406944994662951E9,86.51155082014776
1.406945000063735E9,86.51155082014776
1.406945005317089E9,84.40573028471158
1.406945010682039E9,86.51155082014776
1.406945016096756E9,86.57769938953159
1.406945021559151E9,84.40573028471158
1.406945027038947E9,84.40573028471158
1.40694503241313E9,84.40573028471158
1.406945037397456E9,84.40573028471158
1.406945042734135E9,86.57769938953159
1.406945048262675E9,84.40573028471158
1.406945054006589E9,82.29990463023192
1.406945060651762E9,82.29990463023192
1.406945066004537E9,82.29990463023192
1.406945071276933E9,82.29990463023192
1.406945076747429E9,82.29990463023192
1.406945081929333E9,84.47187373505193
1.406945087468452E9,82.29990463023192
1.40694509295318E9,82.29990463023192
1.406945098582896E9,82.29990463023192
1.406945104009316E9,82.29990463023192
1.406945109232603E9,84.47187373505193
1.406945114585566E9,82.29990463023192
1.406945120058848E9,82.29990463023192
1.406945125393666E9,84.47187373505193
1.40694513071023E9,82.29990463023192
1.406945136126054E9,82.29990463023192
1.406945141558473E9,84.47187373505193
1.406945146743393E9,82.29990463023192
1.406945151970596E9,82.29990463023192
1.40694515743469E9,82.29990463023192
1.406945162772685E9,82.29990463023192
1.406945168106347E9,82.29990463023192
1.406945173519806E9,82.29990463023192
1.406945178979361E9,82.29990463023192
1.40694518469915E9,84.47187373505193
1.406945190002518E9,82.29990463023192
1.406945195261902E9,84.47187373505193
1.406945200619646E9,82.29990463023192
1.40694520575797E9,82.29990463023192
1.406945210868607E9,82.29990463023192
1.406945216322264E9,82.29990463023192
1.406945221789868E9,82.29990463023192
1.406945226834313E9,86.57769938953159
1.40694523234908E9,84.40573028471158
1.406945237731253E9,84.47187373505193
1.406945243233954E9,84.40573028471158
1.406945248490519E9,84.40573028471158
1.406945253754129E9,82.29990463023192
1.40694525909463E9,86.57769938953159
1.406945264558232E9,82.29990463023192
1.406945269662503E9,82.29990463023192
1.4069452750283E9,84.40573028471158
1.406945280297049E9,82.29990463023192
1.406945285761193E9,86.57769938953159
1.406945291026995E9,84.40573028471158
1.406945296652286E9,82.29990463023192
1.406945301935794E9,86.57769938953159
1.406945307444443E9,82.29990463023192
1.406945312685948E9,84.47187373505193
1.406945318108675E9,82.29990463023192
1.406945323287247E9,82.29990463023192
1.406945328452726E9,82.36604296152876
1.40694533373907E9,82.29990463023192
1.406945338926586E9,84.47187373505193
1.406945344174924E9,84.47187373505193
1.406945349355659E9,82.29990463023192
1.406945354518269E9,82.29990463023192
1.40694535970352E9,82.36604296152876
1.406945364980113E9,82.36604296152876
1.406945370940122E9,80.19407385670875
1.406945376416694E9,80.19407385670875
1.406945381597208E9,80.19407385670875
1.406945386751591E9,80.19407385670875
1.406945392075126E9,80.2602070689621
1.406945397597725E9,80.19407385670875
1.406945403054217E9,82.36604296152876
1.406945408163968E9,78.0882379641421
1.406945413439613E9,80.19407385670875
1.406945419519582E9,80.19407385670875
1.406945424623607E9,78.0882379641421
1.406945430067588E9,80.19407385670875
1.406945435477557E9,78.0882379641421
1.406945441053365E9,78.0882379641421
1.406945446393404E9,80.19407385670875
1.40694545175248E9,78.0882379641421
1.406945457242762E9,78.0882379641421
1.406945462331307E9,80.2602070689621
1.406945467710948E9,78.0882379641421
1.406945473392527E9,82.36604296152876
1.406945478498889E9,80.19407385670875
1.406945483706458E9,78.0882379641421
1.406945488769973E9,78.0882379641421
1.406945493992462E9,78.0882379641421
1.406945499975103E9,78.0882379641421
1.406945505293964E9,78.0882379641421
1.406945510419195E9,78.0882379641421
1.406945515673865E9,80.2602070689621
1.406945521177437E9,14.910780831915867
1.406945526505905E9,0.0
1.406945531841443E9,4.446705653592922
1.406945537261005E9,2.274736548772909
1.406945542964412E9,0.0
1.406945548022857E9,0.0
1.406945553364432E9,2.274736548772909
1.406945558564173E9,2.1719691048200125
1.406945564362256E9,0.0
1.40694556960462E9,4.446705653592922
1.406945574772901E9,0.0
1.406945579951435E9,2.274736548772909
1.406945585511891E9,2.274736548772909
1.406945590911547E9,2.274736548772909
1.406945596318267E9,2.274736548772909
1.40694560162169E9,0.0
1.406945607120263E9,0.0
1.406945612452744E9,2.274736548772909
1.406945617405212E9,0.0
1.406945622855287E9,4.446705653592922
1.406945628237364E9,0.0
1.406945633999952E9,2.274736548772909
1.406945639333525E9,2.274736548772909
1.406945644756167E9,0.0
1.406945650161647E9,2.1719691048200125
1.406945655504154E9,2.274736548772909
1.40694566090074E9,0.0
1.406945666174295E9,0.0
1.406945671521453E9,2.274736548772909
1.406945676931652E9,2.274736548772909
1.40694568201695E9,4.446705653592922
1.406945686933214E9,0.0
1.40694569227679E9,2.274736548772909
1.406945697805548E9,2.1719691048200125
1.406945703106407E9,0.0
1.406945708288197E9,2.274736548772909
1.406945713719181E9,2.1719691048200125
1.406945719443035E9,2.274736548772909
1.406945724928409E9,2.1719691048200125
1.40694573016988E9,0.0
1.406945735381661E9,2.274736548772909
1.406945740939634E9,2.1719691048200125
1.406945746349539E9,0.0
1.406945751360112E9,4.446705653592922
1.406945758176832E9,0.0
1.406945763489312E9,4.446705653592922
1.406945769247678E9,0.0
1.406945774728233E9,4.446705653592922
1.406945780223816E9,2.274736548772909
1.406945785643387E9,0.0
1.406945790939207E9,4.446705653592922
1.406945796152473E9,2.274736548772909
1.406945801593297E9,2.274736548772909
1.406945806978011E9,2.1719691048200125
1.406945812398145E9,0.0
1.40694581787517E9,2.274736548772909
1.40694582341752E9,2.274736548772909
1.406945829000068E9,2.274736548772909
1.406945834344141E9,2.274736548772909
1.406945839596523E9,0.0
1.406945844789638E9,2.274736548772909
1.406945850064461E9,4.446705653592922
1.406945854891957E9,0.0
1.406945860422565E9,4.446705653592922
1.40694586638375E9,2.274736548772909
1.406945871607509E9,2.274736548772909
1.406945876801939E9,2.1719691048200125
1.40694588215559E9,0.0
1.406945887389503E9,2.274736548772909
1.406945892631521E9,2.1719691048200125
1.406945898046188E9,2.274736548772909
1.406945903327936E9,2.1719691048200125
1.406945908803158E9,2.274736548772909
1.406945914166787E9,4.446705653592922
1.40694591981425E9,0.0
1.406945924896681E9,0.0
1.406945930479187E9,4.446705653592922
1.406945935786965E9,2.274736548772909
1.406945940906345E9,4.446705653592922
1.406945946216381E9,0.0
1.406945951658648E9,2.274736548772909
1.406945956957454E9,0.0
1.406945962234547E9,2.274736548772909
1.406945967682365E9,0.0
1.406945972987068E9,2.274736548772909
1.40694597841582E9,2.274736548772909
1.406945983812431E9,0.0
1.406945989085732E9,2.1719691048200125
1.406945994535303E9,2.274736548772909
1.406945999819073E9,2.274736548772909
1.406946005267939E9,2.274736548772909
1.406946010492413E9,0.0
1.406946015589254E9,2.274736548772909
1.406946020711663E9,2.1719691048200125
1.40694602607329E9,0.0
1.406946031583871E9,4.446705653592922
1.406946037247674E9,0.0
1.406946042772741E9,4.446705653592922
1.406946048177269E9,2.274736548772909
1.406946053307885E9,0.0
1.406946058633757E9,4.446705653592922
1.406946064121309E9,2.274736548772909
1.406946069278756E9,0.0
1.406946074459742E9,4.446705653592922
1.406946080228936E9,0.0
1.406946085071127E9,2.274736548772909
1.406946090335191E9,0.0
1.406946095977444E9,2.274736548772909
1.406946101982376E9,4.446705653592922
1.406946106964268E9,2.274736548772909
1.406946111983037E9,2.274736548772909
1.406946117494283E9,2.1719691048200125
1.406946123522608E9,0.0
1.406946129143126E9,2.1719691048200125
1.406946134304964E9,2.274736548772909
1.406946139661293E9,2.274736548772909
1.40694614502252E9,2.274736548772909
1.406946150161829E9,0.0
1.406946155293679E9,2.274736548772909
1.406946161659078E9,4.446705653592922
1.406946166784851E9,0.0
1.406946171906288E9,2.274736548772909
1.406946177649015E9,2.1719691048200125
1.406946183427539E9,0.0
1.40694618825792E9,4.446705653592922
1.40694619380362E9,0.0
1.406946199547091E9,2.274736548772909
1.406946204809929E9,2.1719691048200125
1.406946209946938E9,0.0
1.406946215188615E9,4.446705653592922
1.406946221303823E9,0.0
1.406946226599991E9,2.274736548772909
1.406946231608738E9,2.1719691048200125
1.406946236845213E9,2.274736548772909
1.406946242643688E9,0.0
1.406946248373228E9,0.0
1.406946253697753E9,2.274736548772909
1.406946259199122E9,2.1719691048200125
1.406946264728073E9,2.274736548772909
1.406946269846467E9,0.0
1.40694627516573E9,0.0
1.40694628080957E9,2.274736548772909
1.406946286355393E9,4.446705653592922
1.406946291177507E9,2.274736548772909
1.406946296601154E9,0.0
1.406946301914436E9,4.446705653592922
1.406946307299679E9,2.274736548772909
1.406946312840826E9,0.0
1.406946318234373E9,0.0
1.406946323765957E9,0.0
1.406946328966364E9,0.0
1.406946334159031E9,2.274736548772909
1.406946339345381E9,2.274736548772909
1.406946345563405E9,2.274736548772909
1.406946350863637E9,2.274736548772909
1.406946356114268E9,2.1719691048200125
1.406946360959097E9,2.274736548772909
1.406946366846451E9,2.274736548772909
1.406946372790977E9,4.446705653592922
1.406946378093119E9,2.274736548772909
1.406946384952189E9,0.0
1.406946390714803E9,0.0
1.406946396315802E9,0.0
1.406946401144097E9,2.274736548772909
1.406946406515852E9,0.0
1.406946412743098E9,2.274736548772909
1.406946418148657E9,2.274736548772909
1.406946422979839E9,2.1719691048200125
1.406946428255055E9,2.274736548772909
1.406946434053497E9,0.0
1.40694643943191E9,2.274736548772909
1.406946445020701E9,0.0
1.40694645038348E9,2.1719691048200125
1.40694645581947E9,2.274736548772909
1.406946461125092E9,0.0
1.40694646639836E9,4.446705653592922
1.406946471546533E9,0.0
1.406946477002217E9,2.274736548772909
1.406946482783086E9,2.274736548772909
1.406946487951875E9,2.274736548772909
1.406946492998391E9,2.1719691048200125
1.406946498765961E9,0.0
1.406946503666401E9,2.274736548772909
1.406946509123267E9,4.446705653592922
1.406946515274644E9,2.274736548772909
1.406946520725222E9,2.1719691048200125
1.406946526001706E9,0.0
1.4069465311665E9,2.274736548772909
1.406946536697626E9,4.446705653592922
1.406946542187494E9,2.274736548772909
1.406946547609482E9,4.446705653592922
1.406946552991598E9,2.274736548772909
1.406946558446142E9,0.0
1.406946563522631E9,4.446705653592922
1.406946568654138E9,0.0
1.406946573913596E9,0.0
1.406946579726172E9,2.1719691048200125
1.406946585202576E9,0.0
1.406946590421355E9,4.446705653592922
1.406946596038211E9,2.274736548772909
1.406946601532529E9,2.274736548772909
1.4069466066293E9,2.1719691048200125
1.406946611812828E9,2.274736548772909
1.406946617030513E9,0.0
1.406946622412452E9,4.446705653592922
1.40694662813007E9,2.274736548772909
1.406946633731822E9,2.1719691048200125
1.406946639068881E9,0.0
1.406946644404328E9,0.0
1.406946649788744E9,4.446705653592922
1.406946655280042E9,2.274736548772909
1.406946660564353E9,2.1719691048200125
1.406946665837885E9,2.274736548772909
1.406946670760153E9,0.0
1.4069466761802E9,4.446705653592922
1.40694668149244E9,0.0
1.406946686975732E9,2.274736548772909
1.406946691983558E9,2.1719691048200125
1.406946697433406E9,4.446705653592922
1.406946702865743E9,0.0
1.406946708633457E9,0.0
1.406946713801507E9,4.446705653592922
1.406946719081847E9,0.0
1.406946724533262E9,2.274736548772909
1.406946729963943E9,2.1719691048200125
1.406946735366169E9,0.0
1.406946740473602E9,2.274736548772909
1.406946745355309E9,2.274736548772909
1.40694675091295E9,0.0
1.406946756789503E9,2.1719691048200125
1.406946762355333E9,0.0
1.406946767354248E9,0.0
1.406946772950895E9,2.274736548772909
1.40694677843874E9,2.274736548772909
1.406946783525742E9,2.1719691048200125
1.40694678873946E9,0.0
1.406946794194232E9,0.0
1.40694679982657E9,4.446705653592922
1.406946805154736E9,2.274736548772909
1.406946810016995E9,2.274736548772909
1.406946815595598E9,2.1719691048200125
1.406946820853879E9,2.274736548772909
1.406946826693894E9,2.274736548772909
1.406946832155828E9,2.274736548772909
1.40694683748399E9,2.274736548772909
1.406946842884838E9,2.1719691048200125
1.406946848132265E9,0.0
1.406946853407675E9,2.274736548772909
1.406946858674898E9,4.446705653592922
1.406946864016549E9,2.274736548772909
1.406946869446926E9,0.0
1.406946874619533E9,4.446705653592922
1.406946880112986E9,2.274736548772909
1.406946885162739E9,2.274736548772909
1.406946890308226E9,2.1719691048200125
1.406946896327098E9,0.0
1.40694690174146E9,4.446705653592922
1.406946907055876E9,2.274736548772909
1.406946912585376E9,2.274736548772909
1.406946918016022E9,2.1719691048200125
1.406946923278857E9,0.0
1.406946928463644E9,2.274736548772909
1.406946933647693E9,4.446705653592922
1.406946939173299E9,2.274736548772909
1.40694694461982E9,2.1719691048200125
1.406946949958027E9,2.274736548772909
1.406946955220808E9,2.274736548772909
1.406946960698992E9,4.446705653592922
1.406946966091972E9,2.274736548772909
1.40694697145834E9,2.1719691048200125
1.406946976737909E9,2.274736548772909
1.406946982544614E9,2.274736548772909
1.406946987704996E9,4.446705653592922
1.406946992899518E9,0.0
1.406946998232262E9,0.0
1.406947003892706E9,2.274736548772909
1.406947008849827E9,2.274736548772909
1.406947014108955E9,2.1719691048200125
1.406947019710333E9,0.0
1.406947025267833E9,2.1719691048200125
1.406947030360532E9,2.274736548772909
1.406947035590192E9,0.0
1.40694704082768E9,2.274736548772909
1.406947046212204E9,0.0
1.406947051525812E9,2.274736548772909
1.40694705677526E9,0.0
1.406947062206119E9,2.1719691048200125
1.406947067783689E9,2.274736548772909
1.406947073124312E9,2.274736548772909
1.406947078530772E9,2.274736548772909
1.406947083726576E9,0.0
1.406947089270909E9,2.1719691048200125
1.406947094453407E9,2.274736548772909
1.406947099783008E9,2.274736548772909
1.406947105138362E9,2.274736548772909
1.406947110287015E9,0.0
1.406947115763202E9,2.274736548772909
1.40694712121776E9,4.446705653592922
1.406947126539575E9,0.0
1.406947132063676E9,2.274736548772909
1.406947137384504E9,0.0
1.406947142564211E9,2.274736548772909
1.406947147632732E9,0.0
1.406947153085288E9,2.1719691048200125
1.406947158277028E9,0.0
1.40694716369034E9,2.274736548772909
1.406947169021605E9,2.1719691048200125
1.406947174300676E9,0.0
1.406947179420992E9,2.274736548772909
1.406947184742405E9,2.274736548772909
1.406947189807015E9,0.0
1.406947194861282E9,2.274736548772909
1.406947200414769E9,2.274736548772909
1.406947205821386E9,2.274736548772909
1.40694721136922E9,4.446705653592922
1.406947216227635E9,0.0
1.406947221456324E9,2.274736548772909
1.406947227334121E9,2.274736548772909
1.406947232510433E9,2.274736548772909
1.406947237745251E9,0.0
1.406947242963546E9,2.1719691048200125
1.40694724830317E9,2.274736548772909
1.406947253396614E9,0.0
1.406947258800135E9,4.446705653592922
1.406947264116596E9,0.0
1.406947269552246E9,2.274736548772909
1.40694727502474E9,2.274736548772909
1.406947280284315E9,0.0
1.406947285565837E9,4.446705653592922
1.406947291225816E9,0.0
1.40694729659246E9,4.446705653592922
1.406947301703371E9,0.0
1.406947346489861E9,2.274736548772909
1.406947352411522E9,2.274736548772909
1.406947357230416E9,2.1719691048200125
1.406947362228916E9,2.274736548772909
1.406947367634493E9,0.0
1.40694737302591E9,0.0
1.406947379042053E9,2.274736548772909
1.406947383760082E9,0.0
1.406947388748402E9,4.446705653592922
1.406947394813712E9,0.0
1.40694740031502E9,2.274736548772909
1.406947404913277E9,2.1719691048200125
1.406947409948541E9,2.274736548772909
1.406947415790286E9,2.274736548772909
1.4069474215241E9,113.95296706480904
1.406947426199677E9,90.72317653388961
1.406947431221844E9,90.72317653388961
1.406947436973655E9,92.8289817121953
1.406947442230822E9,94.93478177145748
1.406947446982356E9,94.93478177145748
1.406947452584972E9,97.10675087627749
1.406947457723058E9,94.93478177145748
1.406947463141074E9,94.93478177145748
1.406947468617457E9,94.93478177145748
1.406947473350193E9,92.8289817121953
1.406947478363464E9,92.8289817121953
1.406947483933296E9,92.89514563870962
1.406947489618739E9,90.72317653388961
1.406947494408731E9,88.61736623654045
1.406947499429796E9,90.78933534136046
1.406947505271169E9,88.61736623654045
1.406947510702648E9,88.61736623654045
1.40694751546872E9,90.78933534136046
1.406947520967832E9,86.51155082014776
1.406947526539854E9,88.68351992496777
1.406947531871125E9,84.40573028471158
1.406947536989616E9,84.40573028471158
1.406947542154428E9,86.57769938953159
1.406947547247037E9,84.40573028471158
1.406947552843709E9,84.40573028471158
1.406947558191758E9,84.47187373505193
1.406947563470365E9,82.29990463023192
1.406947568786845E9,82.29990463023192
1.406947574145143E9,84.47187373505193
1.406947579262905E9,82.29990463023192
1.406947584369228E9,82.29990463023192
1.406947589744059E9,84.47187373505193
1.406947595172516E9,82.29990463023192
1.406947600568149E9,80.19407385670875
1.406947606111005E9,84.47187373505193
1.406947611614575E9,82.29990463023192
1.406947617064867E9,84.47187373505193
1.406947622089051E9,80.19407385670875
1.406947627380184E9,82.29990463023192
1.40694763272542E9,84.47187373505193
1.406947639033725E9,82.29990463023192
1.406947644087551E9,82.36604296152876
1.406947649347486E9,82.29990463023192
1.40694765475176E9,82.29990463023192
1.406947660332891E9,84.47187373505193
1.406947665731968E9,84.40573028471158
1.40694767259769E9,82.29990463023192
1.406947678220666E9,82.29990463023192
1.406947683854536E9,84.47187373505193
1.406947688740065E9,82.29990463023192
1.406947695516867E9,82.29990463023192
1.406947700888744E9,82.29990463023192
1.406947706326609E9,84.47187373505193
1.406947711439659E9,82.29990463023192
1.406947716839072E9,82.29990463023192
1.406947722008903E9,86.57769938953159
1.406947727627158E9,82.29990463023192
1.406947732862883E9,82.29990463023192
1.406947738172335E9,82.29990463023192
1.406947743309465E9,82.29990463023192
1.406947748606049E9,82.29990463023192
1.406947753773197E9,86.57769938953159
1.406947759142909E9,82.29990463023192
1.406947764804688E9,84.40573028471158
1.406947770083883E9,86.57769938953159
1.406947775276388E9,84.40573028471158
1.40694778057294E9,86.57769938953159
1.406947786221294E9,82.29990463023192
1.406947791137786E9,82.29990463023192
1.406947796896117E9,86.57769938953159
1.406947802380985E9,82.29990463023192
1.406947807663396E9,84.40573028471158
1.406947814764095E9,82.29990463023192
1.406947819875787E9,82.29990463023192
1.406947825280301E9,82.29990463023192
1.406947830799949E9,82.29990463023192
1.406947835781029E9,80.19407385670875
1.40694784107294E9,84.47187373505193
1.406947846337004E9,82.29990463023192
1.406947851535917E9,82.29990463023192
1.406947856776373E9,82.36604296152876
1.406947862391198E9,80.19407385670875
1.406947867784648E9,80.19407385670875
1.40694787356874E9,80.19407385670875
1.406947878829729E9,80.19407385670875
1.406947884053259E9,82.36604296152876
1.406947889259571E9,80.19407385670875
1.406947894820447E9,82.36604296152876
1.40694790028509E9,80.19407385670875
1.406947905692025E9,80.19407385670875
1.406947910921303E9,82.36604296152876
1.406947916675723E9,78.0882379641421
1.406947921668751E9,80.19407385670875
1.406947926749481E9,82.36604296152876
1.406947932144284E9,78.0882379641421
1.406947939176959E9,78.0882379641421
1.406947944360243E9,78.0882379641421
1.406947949554045E9,80.2602070689621
1.406947954820662E9,78.0882379641421
1.406947960618255E9,78.0882379641421
1.406947966406823E9,78.0882379641421
1.40694797141525E9,80.19407385670875
1.406947976722562E9,80.19407385670875
1.40694798233593E9,78.0882379641421
1.406947987564987E9,78.0882379641421
1.406947992953511E9,80.2602070689621
1.406947998231747E9,78.0882379641421
1.406948003645467E9,78.0882379641421
1.406948008620943E9,80.2602070689621
1.406948013821182E9,78.0882379641421
1.406948019470534E9,78.0882379641421
1.406948025066023E9,80.2602070689621
1.406948030349573E9,2.274736548772909
1.406948035450651E9,0.0
1.406948040969751E9,4.446705653592922
1.406948046354185E9,2.274736548772909
1.406948051656614E9,2.1719691048200125
1.406948057051404E9,0.0
1.406948062538995E9,2.274736548772909
1.40694806817809E9,2.274736548772909
1.406948073247994E9,2.274736548772909
1.406948078342597E9,0.0
1.406948084084179E9,2.274736548772909
1.406948089781321E9,4.446705653592922
1.406948095020801E9,2.274736548772909
1.406948100194614E9,2.274736548772909
1.40694810540917E9,2.1719691048200125
1.406948110512621E9,2.274736548772909
1.406948115853047E9,0.0
1.406948121147421E9,2.274736548772909
1.406948127291657E9,2.274736548772909
1.406948132721869E9,2.1719691048200125
1.406948137914309E9,0.0
1.406948143168053E9,2.274736548772909
1.406948148324836E9,4.446705653592922
1.406948153694979E9,0.0
1.406948159244519E9,0.0
1.406948164628177E9,4.446705653592922
1.406948169789667E9,0.0
1.406948175029141E9,0.0
1.406948180378783E9,2.274736548772909
1.406948185518607E9,0.0
1.406948191347893E9,2.274736548772909
1.406948197209471E9,2.274736548772909
1.406948202355317E9,0.0
1.406948207476637E9,4.446705653592922
1.406948212788516E9,0.0
1.406948217934092E9,2.274736548772909
1.406948223043595E9,4.446705653592922
1.406948228675018E9,2.274736548772909
1.406948234471364E9,4.446705653592922
1.406948239753907E9,0.0
1.406948244939438E9,2.274736548772909
1.40694825027092E9,2.274736548772909
1.406948255768512E9,0.0
1.406948260853138E9,2.274736548772909
1.406948266417697E9,2.274736548772909
1.406948272273472E9,2.274736548772909
1.406948277504648E9,4.446705653592922
1.406948282486041E9,0.0
1.406948288220779E9,0.0
1.406948293939416E9,4.446705653592922
1.406948300625441E9,4.446705653592922
1.406948305821924E9,0.0
1.406948311222205E9,0.0
1.406948316589774E9,4.446705653592922
1.406948321960045E9,0.0
1.406948327280165E9,2.274736548772909
1.406948332828401E9,2.1719691048200125
1.40694833831761E9,0.0
1.4069483433382E9,2.274736548772909
1.406948348795168E9,2.1719691048200125
1.406948354337815E9,0.0
1.406948359872272E9,4.446705653592922
1.40694836511405E9,0.0
1.406948370333129E9,2.274736548772909
1.406948375856111E9,2.1719691048200125
1.406948381209636E9,0.0
1.406948386482997E9,2.274736548772909
1.406948392271519E9,2.1719691048200125
1.40694839782321E9,2.274736548772909
1.406948403239189E9,4.446705653592922
1.406948408511137E9,0.0
1.406948413819049E9,2.274736548772909
1.406948419437301E9,0.0
1.406948424758807E9,2.274736548772909
1.406948430130734E9,2.274736548772909
1.406948435411998E9,0.0
1.406948442135962E9,2.1719691048200125
1.406948447504458E9,2.274736548772909
1.406948452870779E9,0.0
1.406948458170282E9,2.1719691048200125
1.406948463659115E9,2.274736548772909
1.406948470351795E9,2.1719691048200125
1.406948475585397E9,0.0
1.406948480802647E9,4.446705653592922
1.40694848612925E9,0.0
1.406948492013419E9,0.0
1.40694849702939E9,0.0
1.406948502280888E9,2.274736548772909
1.406948508013472E9,2.274736548772909
1.406948513638046E9,2.274736548772909
1.406948518937871E9,0.0
1.406948524117369E9,2.1719691048200125
1.406948529530622E9,2.274736548772909
1.406948535143086E9,2.274736548772909
1.406948540132044E9,0.0
1.406948545373287E9,0.0
1.406948550728622E9,2.274736548772909
1.40694855606151E9,2.1719691048200125
1.406948561270976E9,0.0
1.406948566556184E9,4.446705653592922
1.406948572169902E9,2.274736548772909
1.406948577098408E9,0.0
1.40694858262923E9,4.446705653592922
1.406948587887189E9,2.274736548772909
1.406948593395481E9,4.446705653592922
1.406948599064908E9,0.0
1.406948604396672E9,0.0
1.406948610162881E9,4.446705653592922
1.406948615607524E9,0.0
1.406948621060046E9,2.1719691048200125
1.406948626529687E9,2.274736548772909
1.406948631778234E9,0.0
1.406948637450463E9,0.0
1.406948642628318E9,0.0
1.406948647512455E9,2.274736548772909
1.406948652782355E9,2.1719691048200125
1.406948658188E9,0.0
1.406948663599276E9,2.274736548772909
1.406948669165459E9,2.1719691048200125
1.406948674446691E9,2.274736548772909
1.406948680002222E9,0.0
1.40694868519476E9,0.0
1.406948690534597E9,0.0
1.406948696200128E9,0.0
1.406948702034774E9,0.0
1.406948707151793E9,4.446705653592922
1.406948712428484E9,0.0
1.406948717658861E9,2.274736548772909
1.406948723040898E9,4.446705653592922
1.406948728381714E9,2.274736548772909
1.406948733885394E9,2.1719691048200125
1.406948739070295E9,0.0
1.406948744248134E9,4.446705653592922
1.406948749530329E9,0.0
1.406948754877159E9,2.274736548772909
1.406948760093404E9,2.274736548772909
1.406948765250938E9,2.274736548772909
1.406948770800572E9,0.0
1.406948776158125E9,0.0
1.406948781564907E9,2.274736548772909
1.406948786930019E9,2.274736548772909
1.406948792492813E9,2.274736548772909
1.406948797725136E9,0.0
1.406948803020616E9,2.274736548772909
1.406948808172389E9,4.446705653592922
1.406948813387755E9,0.0
1.40694881952437E9,0.0
1.406948825068885E9,2.274736548772909
1.406948830157571E9,2.1719691048200125
1.406948835041205E9,2.274736548772909
1.406948840875727E9,0.0
1.406948846304601E9,2.1719691048200125
1.406948851642784E9,0.0
1.406948856922336E9,2.274736548772909
1.406948862944766E9,4.446705653592922
1.406948869226677E9,0.0
1.406948874484314E9,4.446705653592922
1.406948879845556E9,0.0
1.406948885459287E9,0.0
1.406948890782431E9,4.446705653592922
1.406948896066528E9,0.0
1.406948901620967E9,2.274736548772909
1.406948907099473E9,4.446705653592922
1.406948912009332E9,2.274736548772909
1.406948917017553E9,2.1719691048200125
1.406948923006136E9,2.274736548772909
1.40694892912883E9,2.274736548772909
1.406948934330218E9,0.0
1.406948939485891E9,2.274736548772909
1.406948945065277E9,0.0
1.406948950903036E9,0.0
1.406948956332623E9,0.0
1.406948961749213E9,4.446705653592922
1.406948968675848E9,2.274736548772909
1.406948973743828E9,2.1719691048200125
1.406948978759749E9,2.274736548772909
1.406948984194431E9,2.274736548772909
1.406948989867985E9,2.1719691048200125
1.406948995484977E9,0.0
1.406949000470129E9,0.0
1.406949005695553E9,4.446705653592922
1.406949011381575E9,2.274736548772909
1.406949016744777E9,2.1719691048200125
1.406949021817694E9,2.274736548772909
1.406949027229391E9,0.0
1.406949032820628E9,4.446705653592922
1.406949038359413E9,2.274736548772909
1.406949043450425E9,0.0
1.406949048581353E9,2.274736548772909
1.406949053924343E9,2.274736548772909
1.406949059318675E9,4.446705653592922
1.406949064785841E9,0.0
1.406949070187395E9,0.0
1.406949076788884E9,2.274736548772909
1.406949081663136E9,0.0
1.406949087329345E9,0.0
1.406949092525503E9,2.274736548772909
1.406949097835668E9,2.274736548772909
1.406949103388678E9,2.274736548772909
1.406949108614399E9,0.0
1.406949113425764E9,4.446705653592922
1.406949118948233E9,0.0
1.40694912405615E9,2.274736548772909
1.406949129172334E9,2.1719691048200125
1.406949134517999E9,2.274736548772909
1.406949139926641E9,0.0
1.406949145379196E9,0.0
1.40694915060989E9,2.274736548772909
1.406949155738281E9,4.446705653592922
1.406949160793689E9,0.0
1.406949166425614E9,0.0
1.406949172251967E9,2.1719691048200125
1.406949177545412E9,2.274736548772909
1.40694918265072E9,2.274736548772909
1.406949188072963E9,2.1719691048200125
1.406949193621796E9,0.0
1.406949198981524E9,2.274736548772909
1.406949204556173E9,0.0
1.406949210370281E9,0.0
1.406949216716479E9,0.0
1.40694922197121E9,2.274736548772909
1.406949227398577E9,0.0
1.406949233042459E9,2.274736548772909
1.406949238167261E9,4.446705653592922
1.406949243420509E9,0.0
1.406949248989775E9,2.274736548772909
1.406949254380386E9,2.1719691048200125
1.406949259581935E9,2.274736548772909
1.406949265210738E9,2.274736548772909
1.406949270764345E9,0.0
1.406949276239827E9,0.0
1.406949282066512E9,2.1719691048200125
1.406949287494529E9,0.0
1.406949292758335E9,2.274736548772909
1.406949298058137E9,2.1719691048200125
1.406949303195387E9,0.0
1.40694930840594E9,2.274736548772909
1.406949313582499E9,4.446705653592922
1.406949318816015E9,0.0
1.406949324271544E9,2.1719691048200125
1.406949329579135E9,2.274736548772909
1.406949334695864E9,0.0
1.4069493397061E9,2.274736548772909
1.406949345000584E9,2.1719691048200125
1.406949350215287E9,2.274736548772909
1.406949355303182E9,2.1719691048200125
1.406949360534042E9,2.274736548772909
1.406949365883782E9,0.0
1.406949370747292E9,0.0
1.406949376416028E9,0.0
1.406949381709457E9,2.274736548772909
1.406949387426034E9,2.274736548772909
1.406949392655397E9,0.0
1.406949398030584E9,0.0
1.406949403642774E9,0.0
1.406949408950299E9,2.274736548772909
1.406949414210812E9,2.274736548772909
1.406949419611135E9,0.0
1.406949425472977E9,2.1719691048200125
1.406949430761233E9,2.274736548772909
1.406949436151328E9,2.274736548772909
1.406949441405803E9,4.446705653592922
1.406949446637233E9,0.0
1.406949451823662E9,2.274736548772909
1.406949457107862E9,0.0
1.406949462472783E9,0.0
1.40694946789757E9,2.274736548772909
1.406949473195232E9,2.274736548772909
1.406949478459645E9,2.274736548772909
1.406949483625243E9,0.0
1.406949489305745E9,2.1719691048200125
1.406949494643103E9,2.274736548772909
1.4069495000167E9,2.1719691048200125
1.406949505394293E9,2.274736548772909
1.406949511288082E9,4.446705653592922
1.406949516358378E9,0.0
1.40694952133384E9,2.274736548772909
1.406949526625431E9,0.0
1.406949532948059E9,0.0
1.406949538306912E9,2.274736548772909
1.406949543446147E9,2.1719691048200125
1.406949549402808E9,0.0
1.406949554898223E9,2.274736548772909
1.406949559742889E9,4.446705653592922
1.406949565185402E9,0.0
1.406949571093965E9,0.0
1.406949576529525E9,0.0
1.406949581403602E9,2.274736548772909
1.40694958683183E9,2.274736548772909
1.406949592250382E9,2.274736548772909
1.40694959744134E9,0.0
1.40694960266021E9,2.274736548772909
1.406949608456728E9,0.0
1.406949614080122E9,0.0
1.406949619297967E9,4.446705653592922
1.406949624607742E9,0.0
1.406949630299714E9,0.0
1.406949635945647E9,4.446705653592922
1.406949641005214E9,2.274736548772909
1.406949646084239E9,2.274736548772909
1.406949651579162E9,2.1719691048200125
1.406949656854467E9,0.0
1.406949662023371E9,0.0
1.406949667379939E9,4.446705653592922
1.406949673107542E9,0.0
1.406949678341108E9,2.1719691048200125
1.406949683370497E9,2.274736548772909
1.406949688457076E9,2.274736548772909
1.40694969377269E9,0.0
1.406949699088689E9,4.446705653592922
1.406949704489481E9,2.274736548772909
1.406949710117371E9,2.274736548772909
1.406949715105318E9,2.274736548772909
1.406949720460387E9,0.0
1.406949725658981E9,2.274736548772909
1.406949731423702E9,0.0
1.406949737028322E9,2.274736548772909
1.40694974236441E9,2.274736548772909
1.406949747866539E9,0.0
1.406949753260813E9,4.446705653592922
1.406949758100083E9,0.0
1.40694976333698E9,2.274736548772909
1.406949768624335E9,0.0
1.406949774318909E9,0.0
1.406949779288006E9,2.274736548772909
1.406949784642689E9,4.446705653592922
1.406949790081634E9,0.0
1.40694979529508E9,0.0
1.406949800574571E9,4.446705653592922
1.406949805613075E9,0.0
1.406949811285931E9,0.0
1.406949816649242E9,4.446705653592922
1.406949821937764E9,0.0
1.406949826829108E9,0.0
1.406949832264051E9,2.1719691048200125
1.406949838262538E9,0.0
1.406949843738266E9,4.446705653592922
1.406949848854146E9,0.0
1.406949854093365E9,2.274736548772909
1.406949859662382E9,2.274736548772909
1.406949864912294E9,2.274736548772909
1.406949870511746E9,2.274736548772909
1.406949876111324E9,2.274736548772909
1.406949881364738E9,2.1719691048200125
1.406949886246988E9,2.274736548772909
1.406949891640005E9,2.274736548772909
1.406949896954456E9,0.0
1.40694990239127E9,602.2833196262173
1.406949907858212E9,92.8289817121953
1.406949913558263E9,90.72317653388961
1.406949918982484E9,92.8289817121953
1.406949924153339E9,94.93478177145748
1.406949929528933E9,97.10675087627749
1.406949934746703E9,92.8289817121953
1.406949939934053E9,94.93478177145748
1.40694994544448E9,97.10675087627749
1.406949950908127E9,94.93478177145748
1.406949956177742E9,92.8289817121953
1.406949961483049E9,95.00095081701531
1.406949966920849E9,92.8289817121953
1.406949972242405E9,90.72317653388961
1.406949977382888E9,90.78933534136046
1.406949982747494E9,88.61736623654045
1.40694998790636E9,86.51155082014776
1.406949993003042E9,86.51155082014776
1.406949998191028E9,86.51155082014776
1.406950003707872E9,86.51155082014776
1.406950009064353E9,84.40573028471158
1.406950014804994E9,84.40573028471158
1.406950019676081E9,84.40573028471158
1.406950025133274E9,86.57769938953159
1.40695003050759E9,84.40573028471158
1.406950036382609E9,86.57769938953159
1.406950041770424E9,82.29990463023192
1.406950047101989E9,82.29990463023192
1.406950052301835E9,82.29990463023192
1.406950057534109E9,82.29990463023192
1.406950062983263E9,82.29990463023192
1.406950068300734E9,82.29990463023192
1.406950073759009E9,82.29990463023192
1.406950079347232E9,82.29990463023192
1.406950084691944E9,82.29990463023192
1.406950089510993E9,82.29990463023192
1.406950094821272E9,84.47187373505193
1.406950100083752E9,80.19407385670875
1.406950105516058E9,82.29990463023192
1.40695011070336E9,84.47187373505193
1.40695011602611E9,82.29990463023192
1.40695012146153E9,82.29990463023192
1.406950126842639E9,84.47187373505193
1.406950132321843E9,82.29990463023192
1.406950137780634E9,84.47187373505193
1.40695014298066E9,82.29990463023192
1.406950148557363E9,82.29990463023192
1.406950153852057E9,82.29990463023192
1.406950158944568E9,84.47187373505193
1.406950163948725E9,82.29990463023192
1.406950170835779E9,86.57769938953159
1.406950176124606E9,82.29990463023192
1.406950181554821E9,82.29990463023192
1.406950186787222E9,82.29990463023192
1.406950192071852E9,82.29990463023192
1.406950197395718E9,84.47187373505193
1.406950202647024E9,84.40573028471158
1.406950207966873E9,82.29990463023192
1.40695021344213E9,82.29990463023192
1.406950218784287E9,82.29990463023192
1.406950224043682E9,86.57769938953159
1.406950229422374E9,84.40573028471158
1.406950234821462E9,84.40573028471158
1.406950240138969E9,86.57769938953159
1.406950245212198E9,84.40573028471158
1.406950250873998E9,84.40573028471158
1.406950256125832E9,84.47187373505193
1.406950261369086E9,82.29990463023192
1.406950267216723E9,86.57769938953159
1.406950272466048E9,84.40573028471158
1.406950278070109E9,82.29990463023192
1.406950283459624E9,86.57769938953159
1.406950288954199E9,82.29990463023192
1.406950293845273E9,84.40573028471158
1.406950299195037E9,84.40573028471158
1.406950304647806E9,84.40573028471158
1.40695031016216E9,82.29990463023192
1.406950315595767E9,82.29990463023192
1.406950320761218E9,84.40573028471158
1.406950326030722E9,84.47187373505193
1.406950331223307E9,82.29990463023192
1.406950336518827E9,82.29990463023192
1.406950341839723E9,84.47187373505193
1.406950347367233E9,82.29990463023192
1.406950352781107E9,82.29990463023192
1.406950358322304E9,82.29990463023192
1.406950363410601E9,82.29990463023192
1.40695036882113E9,82.36604296152876
1.40695037445504E9,82.29990463023192
1.406950379619489E9,82.29990463023192
1.406950384875733E9,82.36604296152876
1.406950390162442E9,80.19407385670875
1.406950395937075E9,82.29990463023192
1.406950401304772E9,80.19407385670875
1.406950406151782E9,80.19407385670875
1.406950411556627E9,82.36604296152876
1.406950417422238E9,82.29990463023192
1.406950422678429E9,80.19407385670875
1.40695042792837E9,80.2602070689621
1.4069504333034E9,80.19407385670875
1.406950438778467E9,78.0882379641421
1.406950444005376E9,80.2602070689621
1.406950449198363E9,78.0882379641421
1.406950454881081E9,78.0882379641421
1.406950460670402E9,80.19407385670875
1.406950465909756E9,80.19407385670875
1.406950471107744E9,78.0882379641421
1.406950476340808E9,80.19407385670875
1.406950482093567E9,78.0882379641421
1.406950487705144E9,78.0882379641421
1.406950493182481E9,78.0882379641421
1.406950498368592E9,82.36604296152876
1.406950503814178E9,80.19407385670875
1.406950508988037E9,80.19407385670875
1.406950514433388E9,80.2602070689621
1.406950519783014E9,80.19407385670875
1.406950525204527E9,78.0882379641421
1.406950530264437E9,80.2602070689621
1.406950535575349E9,80.19407385670875
1.406950541126985E9,78.0882379641421
1.40695054662178E9,78.0882379641421
1.406950551905948E9,12.804786249000784
1.406950557123607E9,2.274736548772909
1.406950562701127E9,2.274736548772909
1.40695056802463E9,0.0
1.406950573122243E9,2.1719691048200125
1.406950578445827E9,2.274736548772909
1.40695058443931E9,0.0
1.406950589728933E9,2.274736548772909
1.406950594554184E9,0.0
1.406950600167108E9,0.0
1.406950605476635E9,2.274736548772909
1.406950610761046E9,0.0
1.406950616147734E9,2.274736548772909
1.406950621577195E9,0.0
1.40695062696569E9,2.274736548772909
1.406950632043462E9,0.0
1.406950637174836E9,0.0
1.406950643146706E9,2.274736548772909
1.406950648891594E9,0.0
1.40695065418362E9,0.0
1.406950659290876E9,4.446705653592922
1.406950664767703E9,0.0
1.406950670225232E9,2.274736548772909
1.406950675571791E9,0.0
1.406950680903375E9,2.274736548772909
1.406950686185948E9,4.446705653592922
1.406950691502432E9,2.274736548772909
1.40695069644191E9,0.0
1.406950701890458E9,2.274736548772909
1.406950707978149E9,2.274736548772909
1.406950713304215E9,2.274736548772909
1.406950718434251E9,4.446705653592922
1.40695072366238E9,0.0
1.406950729050862E9,2.274736548772909
1.40695073413158E9,2.274736548772909
1.406950739537202E9,0.0
1.406950745467737E9,2.274736548772909
1.406950750840538E9,0.0
1.406950756177663E9,0.0
1.406950761556698E9,2.274736548772909
1.406950766970158E9,0.0
1.406950772005665E9,4.446705653592922
1.40695077730077E9,0.0
1.406950783065867E9,2.274736548772909
1.406950788354393E9,2.274736548772909
1.406950793243647E9,0.0
1.406950798691394E9,2.274736548772909
1.406950804485292E9,0.0
1.406950809784609E9,2.274736548772909
1.406950814905494E9,2.1719691048200125
1.406950820209014E9,0.0
1.406950825465243E9,0.0
1.40695083097726E9,4.446705653592922
1.40695083639158E9,2.274736548772909
1.406950842148187E9,2.1719691048200125
1.40695084763774E9,0.0
1.406950852833128E9,2.274736548772909
1.406950858459665E9,0.0
1.406950865159562E9,2.274736548772909
1.406950870566823E9,0.0
1.406950875812368E9,2.274736548772909
1.406950881025881E9,4.446705653592922
1.406950886722447E9,2.274736548772909
1.406950891841471E9,0.0
1.406950897079587E9,2.1719691048200125
1.406950902815157E9,0.0
1.406950908277753E9,0.0
1.40695091321394E9,2.274736548772909
1.406950918990439E9,4.446705653592922
1.406950926359517E9,2.274736548772909
1.406950931634156E9,0.0
1.406950936520917E9,0.0
1.406950942428292E9,0.0
1.406950948008838E9,2.274736548772909
1.406950953340982E9,4.446705653592922
1.406950959123102E9,2.274736548772909
1.406950964700877E9,2.274736548772909
1.406950970051795E9,0.0
1.406950974870439E9,2.274736548772909
1.406950980496081E9,2.1719691048200125
1.406950986465823E9,0.0
1.406950991625547E9,2.274736548772909
1.406950996478632E9,2.1719691048200125
1.406951002111514E9,0.0
1.406951007523254E9,0.0
1.406951012764597E9,4.446705653592922
1.406951018180346E9,0.0
1.406951024006881E9,0.0
1.406951029383526E9,0.0
1.406951034220931E9,2.274736548772909
1.406951040126406E9,4.446705653592922
1.406951046024038E9,2.274736548772909
1.406951050974246E9,2.274736548772909
1.406951056246402E9,0.0
1.406951061651825E9,2.274736548772909
1.406951067320587E9,0.0
1.406951072538673E9,4.446705653592922
1.406951077859438E9,0.0
1.406951083236013E9,0.0
1.40695108861062E9,2.1719691048200125
1.406951093971992E9,2.274736548772909
1.406951099282508E9,4.446705653592922
1.406951104744736E9,2.274736548772909
1.406951110419636E9,4.446705653592922
1.406951115637797E9,0.0
1.406951121040074E9,2.274736548772909
1.406951126452671E9,2.1719691048200125
1.406951132018577E9,2.274736548772909
1.406951137705396E9,2.274736548772909
1.406951143074954E9,2.1719691048200125
1.406951148579044E9,2.274736548772909
1.406951154072011E9,0.0
1.406951159569417E9,0.0
1.406951165081153E9,2.274736548772909
1.406951170341576E9,2.274736548772909
1.406951175725318E9,2.274736548772909
1.406951181633967E9,4.446705653592922
1.406951186553209E9,0.0
1.406951191801941E9,2.274736548772909
1.40695119738528E9,2.274736548772909
1.406951202657073E9,2.274736548772909
1.406951207780602E9,0.0
1.406951212914127E9,4.446705653592922
1.406951218894711E9,0.0
1.406951223786074E9,2.274736548772909
1.406951229084053E9,2.274736548772909
1.406951234531901E9,2.274736548772909
1.406951240105256E9,2.1719691048200125
1.406951245373767E9,0.0
1.406951250205961E9,4.446705653592922
1.406951255976638E9,2.274736548772909
1.40695126152543E9,4.446705653592922
1.40695126635768E9,0.0
1.406951271895643E9,0.0
1.406951277897254E9,2.1719691048200125
1.406951283231473E9,0.0
1.406951288065834E9,2.1719691048200125
1.406951293530694E9,2.274736548772909
1.40695129886589E9,0.0
1.406951304300093E9,0.0
1.40695130982618E9,0.0
1.406951315527669E9,2.1719691048200125
1.40695132092236E9,2.274736548772909
1.406951326084076E9,2.274736548772909
1.406951331407183E9,4.446705653592922
1.406951336816695E9,0.0
1.406951342394752E9,2.1719691048200125
1.40695134754503E9,0.0
1.40695135280983E9,2.274736548772909
1.406951358301627E9,2.274736548772909
1.406951363429915E9,0.0
1.406951368592046E9,0.0
1.406951373947794E9,4.446705653592922
1.406951379448516E9,2.274736548772909
1.40695138500097E9,0.0
1.406951390325911E9,2.274736548772909
1.406951395517217E9,0.0
1.406951400968545E9,2.274736548772909
1.406951406503429E9,2.274736548772909
1.406951411871539E9,0.0
1.406951417085621E9,0.0
1.406951422224513E9,0.0
1.406951427484922E9,2.274736548772909
1.406951432673773E9,4.446705653592922
1.406951438044631E9,0.0
1.406951443771906E9,0.0
1.406951449012474E9,4.446705653592922
1.40695145409405E9,2.274736548772909
1.406951459352549E9,4.446705653592922
1.406951464857142E9,0.0
1.406951470089903E9,0.0
1.406951475369241E9,2.274736548772909
1.40695148064178E9,2.274736548772909
1.40695148653941E9,4.446705653592922
1.406951491506888E9,0.0
1.406951496975479E9,2.274736548772909
1.406951502101744E9,2.274736548772909
1.406951507321741E9,2.274736548772909
1.406951512955015E9,0.0
1.406951518442632E9,0.0
1.406951523543448E9,2.274736548772909
1.406951528750076E9,2.1719691048200125
1.406951534275995E9,2.274736548772909
1.40695153956655E9,2.1719691048200125
1.406951544928283E9,2.274736548772909
1.406951550168869E9,2.274736548772909
1.40695155552682E9,4.446705653592922
1.406951560575203E9,0.0
1.406951566191468E9,2.1719691048200125
1.406951571696745E9,2.274736548772909
1.40695157711445E9,2.274736548772909
1.406951582476428E9,2.274736548772909
1.406951587789974E9,0.0
1.406951593524395E9,2.274736548772909
1.406951598687214E9,0.0
1.406951604085735E9,2.274736548772909
1.406951609309849E9,2.274736548772909
1.40695161492159E9,0.0
1.406951620464889E9,2.1719691048200125
1.406951625826492E9,0.0
1.406951630934864E9,2.274736548772909
1.406951636119945E9,2.1719691048200125
1.406951641571564E9,0.0
1.40695164696563E9,4.446705653592922
1.406951652309852E9,2.274736548772909
1.406951657510601E9,0.0
1.406951662817506E9,2.1719691048200125
1.406951668267472E9,0.0
1.406951673826941E9,4.446705653592922
1.406951678997135E9,0.0
1.406951684675749E9,2.274736548772909
1.406951690395523E9,2.274736548772909
1.40695169566784E9,0.0
1.406951700970874E9,2.274736548772909
1.406951706607074E9,2.274736548772909
1.406951711960613E9,2.274736548772909
1.406951717030159E9,2.1719691048200125
1.40695172226099E9,0.0
1.40695172810265E9,2.274736548772909
1.406951733400504E9,2.274736548772909
1.406951738725293E9,2.274736548772909
1.406951743787837E9,2.1719691048200125
1.40695174971143E9,0.0
1.406951755236551E9,0.0
1.406951760408962E9,0.0
1.406951765995901E9,2.274736548772909
1.406951771761687E9,2.274736548772909
1.406951776886055E9,0.0
1.406951781719075E9,0.0
1.406951787361537E9,0.0
1.406951793314998E9,2.1719691048200125
1.406951798384015E9,2.274736548772909
1.406951803594982E9,0.0
1.406951809386526E9,0.0
1.406951814677994E9,0.0
1.406951819777306E9,4.446705653592922
1.406951824990192E9,0.0
1.406951830517813E9,0.0
1.4069518359451E9,2.1719691048200125
1.406951841293547E9,0.0
1.406951846458394E9,2.274736548772909
1.406951851735975E9,2.1719691048200125
1.406951856861156E9,0.0
1.406951862388981E9,0.0
1.406951868723193E9,0.0
1.406951874230472E9,0.0
1.406951879055546E9,4.446705653592922
1.406951884273254E9,2.274736548772909
1.406951890408976E9,2.274736548772909
1.406951895689342E9,2.1719691048200125
1.406951901049818E9,2.274736548772909
1.40695190680293E9,2.1719691048200125
1.406951912454427E9,0.0
1.406951917397244E9,2.274736548772909
1.406951922651667E9,2.274736548772909
1.406951928236824E9,0.0
1.406951933779622E9,2.1719691048200125
1.406951939042172E9,2.274736548772909
1.406951944160295E9,2.274736548772909
1.406951949362017E9,2.274736548772909
1.406951954588393E9,0.0
1.406951959768312E9,2.274736548772909
1.40695196505966E9,2.1719691048200125
1.406951970680978E9,0.0
1.406951975607663E9,2.274736548772909
1.406951981174092E9,2.1719691048200125
1.406951986847106E9,2.274736548772909
1.406951992264442E9,4.446705653592922
1.406951998982303E9,0.0
1.406952004270291E9,0.0
1.406952009931153E9,2.274736548772909
1.406952015281761E9,4.446705653592922
1.406952020530335E9,0.0
1.406952026192904E9,0.0
1.406952031407211E9,0.0
1.406952036694137E9,2.274736548772909
1.406952042120754E9,0.0
1.406952047472256E9,0.0
1.406952052317731E9,2.274736548772909
1.406952057880621E9,0.0
1.406952063246148E9,2.1719691048200125
1.406952068582179E9,0.0
1.406952073973771E9,2.274736548772909
1.406952079265086E9,4.446705653592922
1.406952084732824E9,0.0
1.406952090012475E9,2.1719691048200125
1.406952095380012E9,0.0
1.40695210069153E9,2.274736548772909
1.406952106766104E9,2.274736548772909
1.406952111737602E9,2.274736548772909
1.406952116963151E9,0.0
1.406952122449777E9,0.0
1.406952128049273E9,2.274736548772909
1.406952133552772E9,4.446705653592922
1.406952138918451E9,2.274736548772909
1.406952144524255E9,2.274736548772909
1.406952149674777E9,2.1719691048200125
1.406952154565518E9,0.0
1.406952159793836E9,2.274736548772909
1.406952165808976E9,2.274736548772909
1.406952171188473E9,2.274736548772909
1.406952176432042E9,2.1719691048200125
1.406952181730729E9,0.0
1.406952187145429E9,2.274736548772909
1.406952192262136E9,4.446705653592922
1.406952197761511E9,0.0
1.406952203215999E9,0.0
1.406952208930287E9,0.0
1.406952214225211E9,0.0
1.406952219860668E9,4.446705653592922
1.406952225315935E9,2.274736548772909
1.406952230910648E9,2.274736548772909
1.406952236300953E9,2.274736548772909
1.406952241422984E9,0.0
1.406952246708461E9,2.274736548772909
1.406952251794072E9,2.1719691048200125
1.40695225673031E9,2.274736548772909
1.406952262324478E9,2.1719691048200125
1.406952267763158E9,2.274736548772909
1.406952273012286E9,0.0
1.406952278270175E9,0.0
1.406952283506513E9,2.274736548772909
1.406952288846106E9,2.274736548772909
1.406952294167573E9,4.446705653592922
1.406952299356981E9,0.0
1.406952304990292E9,2.274736548772909
1.40695231035725E9,0.0
1.40695231518846E9,2.274736548772909
1.406952320798183E9,0.0
1.40695232610274E9,4.446705653592922
1.406952331777831E9,2.274736548772909
1.406952337198761E9,4.446705653592922
1.406952342378297E9,2.274736548772909
1.406952347372609E9,2.1719691048200125
1.406952352837351E9,2.274736548772909
1.406952358693935E9,4.446705653592922
1.406952363935615E9,0.0
1.406952369400122E9,2.274736548772909
1.406952374942207E9,2.1719691048200125
1.406952380664238E9,0.0
1.406952385610381E9,2.274736548772909
1.406952390624923E9,4.446705653592922
1.406952396111735E9,0.0
1.406952401902473E9,0.0
1.406952407178931E9,2.1719691048200125
1.406952412430481E9,0.0
1.406952417780132E9,2.274736548772909
1.40695242369992E9,2.274736548772909
1.406952428831207E9,0.0
1.406952434254317E9,2.1719691048200125
1.406952439724284E9,0.0
1.406952445206879E9,0.0
1.406952450722151E9,2.274736548772909
1.406952455989963E9,0.0
1.406952461630558E9,4.446705653592922
1.406952466886833E9,0.0
1.406952472104865E9,0.0
1.406952477490161E9,4.446705653592922
1.40695248295381E9,2.274736548772909
1.406952488124791E9,2.274736548772909
1.406952493707301E9,0.0
1.406952498758771E9,94.93478177145748
1.406952504109758E9,90.72317653388961
1.406952509601419E9,94.93478177145748
1.406952515100722E9,94.93478177145748
1.406952520558191E9,97.10675087627749
1.40695252582513E9,92.8289817121953
1.40695253121472E9,94.93478177145748
1.406952536435216E9,94.93478177145748
1.40695254158071E9,94.93478177145748
1.406952546425203E9,94.93478177145748
1.406952552276138E9,92.8289817121953
1.406952558006745E9,92.8289817121953
1.406952563056791E9,95.00095081701531
1.406952568351585E9,90.72317653388961
1.406952575145099E9,88.61736623654045
1.406952581200901E9,86.51155082014776
1.40695258631712E9,88.68351992496777
1.406952592021956E9,86.51155082014776
1.406952597847635E9,86.51155082014776
1.406952602805939E9,88.68351992496777
1.406952608199715E9,86.51155082014776
1.406952613889405E9,84.40573028471158
1.406952619201974E9,82.29990463023192
1.406952624013009E9,82.29990463023192
1.406952630763146E9,82.29990463023192
1.406952636013708E9,82.29990463023192
1.406952641505E9,84.47187373505193
1.406952646843884E9,82.29990463023192
1.40695265201117E9,82.29990463023192
1.406952657111339E9,86.57769938953159
1.406952662657153E9,82.29990463023192
1.406952667999161E9,84.47187373505193
1.406952673342263E9,82.29990463023192
1.406952678694526E9,82.29990463023192
1.406952683822198E9,82.36604296152876
1.406952689095932E9,80.19407385670875
1.406952694523293E9,84.47187373505193
1.406952699777932E9,82.29990463023192
1.406952705098722E9,82.29990463023192
1.406952710259083E9,80.19407385670875
1.406952715639715E9,82.29990463023192
1.406952720938147E9,82.29990463023192
1.406952726149697E9,84.47187373505193
1.406952731479363E9,82.29990463023192
1.406952736881838E9,82.29990463023192
1.406952742383491E9,82.29990463023192
1.406952747608844E9,82.29990463023192
1.406952753110511E9,82.29990463023192
1.406952758399261E9,82.29990463023192
1.406952763720688E9,82.29990463023192
1.406952769280422E9,82.29990463023192
1.406952774614123E9,82.29990463023192
1.406952779739215E9,84.40573028471158
1.406952784561473E9,82.29990463023192
1.406952789924189E9,86.57769938953159
1.40695279575371E9,84.40573028471158
1.406952801199422E9,84.47187373505193
1.406952806101811E9,82.29990463023192
1.406952811568467E9,82.29990463023192
1.406952817657411E9,82.29990463023192
1.406952822765097E9,82.29990463023192
1.406952828242189E9,84.40573028471158
1.406952833938838E9,86.57769938953159
1.406952839324359E9,82.29990463023192
1.406952844486874E9,84.47187373505193
1.406952849672485E9,84.40573028471158
1.406952855382821E9,82.29990463023192
1.406952860912597E9,82.29990463023192
1.406952866010185E9,82.29990463023192
1.40695287158805E9,86.57769938953159
1.406952877066325E9,82.29990463023192
1.406952883868176E9,84.47187373505193
1.40695288914869E9,82.29990463023192
1.406952894959046E9,86.57769938953159
1.406952900187508E9,82.29990463023192
1.406952905649992E9,84.40573028471158
1.40695291096479E9,84.47187373505193
1.406952916245271E9,82.29990463023192
1.406952921386201E9,82.29990463023192
1.406952926807614E9,84.47187373505193
1.406952932726152E9,82.29990463023192
1.406952938281796E9,84.47187373505193
1.406952943383344E9,80.19407385670875
1.406952948829541E9,82.29990463023192
1.406952954182954E9,82.29990463023192
1.406952959506576E9,82.29990463023192
1.406952965095939E9,80.19407385670875
1.406952970628877E9,82.36604296152876
1.406952975867072E9,82.29990463023192
1.406952980914112E9,80.19407385670875
1.406952986241525E9,82.36604296152876
1.406952991846983E9,80.19407385670875
1.406952997437378E9,82.36604296152876
1.406953002466731E9,82.36604296152876
1.40695300790247E9,80.19407385670875
1.406953013608547E9,82.36604296152876
1.406953019055903E9,80.19407385670875
1.406953024226361E9,80.19407385670875
1.406953029805834E9,82.36604296152876
1.406953035545271E9,80.19407385670875
1.406953041046357E9,80.19407385670875
1.406953046313394E9,80.19407385670875
1.406953051749195E9,80.19407385670875
1.40695305741604E9,80.19407385670875
1.406953062638578E9,78.0882379641421
1.406953067503559E9,80.19407385670875
1.406953073387644E9,82.36604296152876
1.406953078902905E9,80.19407385670875
1.406953083961437E9,80.19407385670875
1.406953089490015E9,80.19407385670875
1.406953095387756E9,82.36604296152876
1.406953100571259E9,78.0882379641421
1.406953105752802E9,80.19407385670875
1.406953111299331E9,80.19407385670875
1.406953116637523E9,80.19407385670875
1.406953121793585E9,80.19407385670875
1.406953127282959E9,80.19407385670875
1.406953132961301E9,80.19407385670875
1.406953138414286E9,80.19407385670875
1.406953143565686E9,82.36604296152876
1.406953148661533E9,78.0882379641421
1.406953154413498E9,78.0882379641421
1.406953159867191E9,78.0882379641421
1.406953165274084E9,80.19407385670875
1.406953170529779E9,4.446705653592922
1.406953176170157E9,2.274736548772909
1.406953181432775E9,0.0
1.406953186711092E9,4.446705653592922
1.406953192375023E9,2.274736548772909
1.406953198048153E9,0.0
1.406953203247815E9,2.1719691048200125
1.406953208440838E9,2.274736548772909
1.406953213772242E9,2.274736548772909
1.406953219611422E9,2.274736548772909
1.406953224896485E9,0.0
1.406953230343841E9,2.1719691048200125
1.406953235891112E9,2.274736548772909
1.40695324161666E9,2.274736548772909
1.406953246603135E9,2.1719691048200125
1.406953253321128E9,2.274736548772909
1.406953259171514E9,2.1719691048200125
1.406953264244935E9,2.274736548772909
1.406953269583614E9,0.0
1.406953275541217E9,2.1719691048200125
1.406953281203064E9,0.0
1.406953286335508E9,4.446705653592922
1.406953291833574E9,0.0
1.406953297077458E9,2.274736548772909
1.406953302202922E9,2.274736548772909
1.406953307395663E9,0.0
1.406953312646013E9,2.274736548772909
1.40695331800344E9,2.274736548772909
1.406953323151257E9,2.1719691048200125
1.406953328691616E9,0.0
1.406953334271256E9,2.274736548772909
1.406953339553489E9,2.274736548772909
1.406953344381734E9,2.274736548772909
1.406953349882856E9,2.1719691048200125
1.406953355609399E9,0.0
1.406953361006966E9,2.274736548772909
1.406953366418523E9,2.274736548772909
1.406953371767107E9,0.0
1.406953378818486E9,0.0
1.406953384140129E9,0.0
1.406953389488884E9,4.446705653592922
1.406953395053152E9,0.0
1.406953400319508E9,2.1719691048200125
1.406953405595286E9,2.274736548772909
1.406953411146106E9,2.274736548772909
1.40695341675642E9,4.446705653592922
1.40695342233401E9,2.274736548772909
1.406953427490796E9,2.1719691048200125
1.406953432929601E9,2.274736548772909
1.406953438398441E9,4.446705653592922
1.406953443930451E9,4.446705653592922
1.40695344934866E9,2.274736548772909
1.406953454761312E9,2.1719691048200125
1.406953459936993E9,2.274736548772909
1.406953465433572E9,2.274736548772909
1.406953471089271E9,4.446705653592922
1.406953476528704E9,2.274736548772909
1.406953481974609E9,0.0
1.406953487118917E9,4.446705653592922
1.406953492502683E9,2.274736548772909
1.406953497829781E9,0.0
1.406953503040331E9,4.446705653592922
1.406953508167618E9,2.274736548772909
1.406953513308372E9,4.446705653592922
1.406953518789155E9,0.0
1.406953524232712E9,0.0
1.406953529579876E9,4.446705653592922
1.40695353480887E9,0.0
1.406953540285825E9,0.0
1.406953545786972E9,4.446705653592922
1.406953551320707E9,2.274736548772909
1.406953556546912E9,2.274736548772909
1.406953561952813E9,2.1719691048200125
1.406953567115814E9,2.274736548772909
1.406953572473686E9,4.446705653592922
1.406953577361753E9,0.0
1.406953582661653E9,2.274736548772909
1.406953587958269E9,0.0
1.406953593297996E9,0.0
1.406953598438116E9,2.274736548772909
1.406953603945884E9,4.446705653592922
1.406953609219348E9,2.274736548772909
1.406953614400494E9,0.0
1.406953619964788E9,4.446705653592922
1.406953625676845E9,2.274736548772909
1.406953630633422E9,0.0
1.406953635898087E9,2.274736548772909
1.406953641530823E9,0.0
1.406953646920134E9,4.446705653592922
1.406953651774427E9,0.0
1.406953657016044E9,2.274736548772909
1.406953662960045E9,4.446705653592922
1.406953668325802E9,2.274736548772909
1.406953673624009E9,2.1719691048200125
1.406953679284578E9,0.0
1.406953684687153E9,2.1719691048200125
1.406953689910708E9,2.274736548772909
1.406953695084325E9,0.0
1.406953700623752E9,2.1719691048200125
1.406953705849037E9,2.274736548772909
1.406953711118944E9,2.274736548772909
1.406953716540444E9,4.446705653592922
1.406953722234836E9,2.274736548772909
1.406953727548632E9,0.0
1.406953733032148E9,4.446705653592922
1.406953738550707E9,2.274736548772909
1.406953743833207E9,2.1719691048200125
1.40695374916035E9,0.0
1.406953754767411E9,2.274736548772909
1.406953760068233E9,4.446705653592922
1.40695376562246E9,2.274736548772909
1.406953772284437E9,0.0
1.406953777891303E9,2.274736548772909
1.406953783010823E9,2.1719691048200125
1.406953788175413E9,2.274736548772909
1.40695379390541E9,2.274736548772909
1.406953799461966E9,0.0
1.406953804829328E9,2.274736548772909
1.406953810108992E9,0.0
1.40695381523016E9,0.0
1.406953820599895E9,2.274736548772909
1.406953826058818E9,0.0
1.406953831661168E9,0.0
1.40695383712115E9,2.274736548772909
1.406953842322845E9,2.1719691048200125
1.406953847584935E9,2.274736548772909
1.406953852803694E9,0.0
1.406953857951049E9,2.274736548772909
1.406953863231095E9,4.446705653592922
1.406953868521115E9,2.274736548772909
1.40695387350538E9,2.1719691048200125
1.406953878938956E9,2.274736548772909
1.406953884841857E9,2.274736548772909
1.406953889876308E9,2.1719691048200125
1.406953900369915E9,2.274736548772909
1.406953905737437E9,2.1719691048200125
1.40695391123529E9,2.274736548772909
1.406953916176906E9,0.0
1.406953921506775E9,4.446705653592922
1.406953927246465E9,2.274736548772909
1.406953932499705E9,0.0
1.406953937710291E9,2.1719691048200125
1.406953943437764E9,0.0
1.406953949340666E9,2.1719691048200125
1.406953954454869E9,2.274736548772909
1.406953959781751E9,0.0
1.406953965465064E9,2.1719691048200125
1.406953970993879E9,2.274736548772909
1.406953976155433E9,2.274736548772909
1.40695398134332E9,2.274736548772909
1.406953986592507E9,0.0
1.406953992045806E9,2.274736548772909
1.406953997781586E9,0.0
1.406954002916136E9,2.274736548772909
1.406954008209694E9,2.274736548772909
1.406954013941107E9,0.0
1.406954019374415E9,2.1719691048200125
1.406954024773082E9,2.274736548772909
1.406954030088676E9,2.274736548772909
1.406954035704274E9,4.446705653592922
1.406954041134652E9,0.0
1.406954046370568E9,0.0
1.406954051444799E9,2.1719691048200125
1.406954056670198E9,2.274736548772909
1.40695406198498E9,0.0
1.406954067399284E9,0.0
1.406954072901051E9,2.274736548772909
1.406954078366697E9,4.446705653592922
1.40695408359891E9,0.0
1.40695408884282E9,2.274736548772909
1.406954094214639E9,2.1719691048200125
1.40695409948686E9,2.274736548772909
1.406954104621059E9,0.0
1.406954109968895E9,4.446705653592922
1.406954115614184E9,0.0
1.406954121006965E9,4.446705653592922
1.406954126343639E9,2.274736548772909
1.406954131824148E9,0.0
1.406954136979334E9,0.0
1.406954142371536E9,2.274736548772909
1.406954147600372E9,4.446705653592922
1.406954153544638E9,2.274736548772909
1.406954158637819E9,0.0
1.406954163885435E9,2.274736548772909
1.406954169194822E9,2.1719691048200125
1.406954174505817E9,2.274736548772909
1.40695417984156E9,0.0
1.406954185320051E9,0.0
1.406954190815256E9,2.274736548772909
1.406954197337932E9,0.0
1.40695420270944E9,2.274736548772909
1.406954209616509E9,2.274736548772909
1.406954214792604E9,0.0
1.406954219999974E9,4.446705653592922
1.406954225644844E9,2.274736548772909
1.406954231054819E9,2.274736548772909
1.40695423615887E9,2.274736548772909
1.40695424131797E9,0.0
1.406954246781762E9,2.274736548772909
1.406954251996722E9,2.1719691048200125
1.406954257186961E9,2.274736548772909
1.406954262433465E9,0.0
1.40695426834629E9,2.1719691048200125
1.406954273736845E9,0.0
1.406954278918278E9,4.446705653592922
1.406954284259838E9,2.274736548772909
1.406954290101264E9,0.0
1.406954295503911E9,2.1719691048200125
1.40695430033443E9,0.0
1.406954306137049E9,2.274736548772909
1.406954311819363E9,2.274736548772909
1.406954316946124E9,0.0
1.406954322295658E9,4.446705653592922
1.40695432785189E9,0.0
1.406954334718814E9,4.446705653592922
1.406954339917885E9,0.0
1.406954345004087E9,0.0
1.406954350307629E9,0.0
1.406954356165278E9,2.274736548772909
1.406954361473887E9,0.0
1.40695436642082E9,4.446705653592922
1.406954371775837E9,0.0
1.406954377319946E9,2.274736548772909
1.406954382914825E9,0.0
1.406954388307847E9,0.0
1.406954393622398E9,4.446705653592922
1.406954399420369E9,0.0
1.406954404739194E9,2.274736548772909
1.406954409819639E9,2.1719691048200125
1.406954415083315E9,2.274736548772909
1.406954420792124E9,2.274736548772909
1.406954426103055E9,4.446705653592922
1.406954431438801E9,2.274736548772909
1.406954436916342E9,2.1719691048200125
1.406954442429989E9,0.0
1.406954447344363E9,2.274736548772909
1.406954452657148E9,4.446705653592922
1.406954458122692E9,0.0
1.406954463803288E9,0.0
1.406954468677504E9,4.446705653592922
1.406954473936451E9,0.0
1.406954479082883E9,2.274736548772909
1.406954484505378E9,2.1719691048200125
1.40695449009998E9,2.274736548772909
1.406954495367822E9,4.446705653592922
1.406954501002129E9,0.0
1.406954506232426E9,0.0
1.406954511427661E9,4.446705653592922
1.406954516670744E9,0.0
1.406954523012216E9,4.446705653592922
1.406954528445921E9,2.274736548772909
1.406954533663472E9,0.0
1.406954539221097E9,4.446705653592922
1.40695454448258E9,2.274736548772909
1.406954549651046E9,0.0
1.406954554896717E9,2.1719691048200125
1.406954560544261E9,0.0
1.406954565937835E9,2.274736548772909
1.406954570807615E9,2.1719691048200125
1.40695457612268E9,2.274736548772909
1.406954581439711E9,0.0
1.406954587001431E9,4.446705653592922
1.406954592405844E9,2.274736548772909
1.406954597631988E9,0.0
1.406954602735276E9,4.446705653592922
1.406954608275149E9,0.0
1.406954613573617E9,2.274736548772909
1.406954618955903E9,2.1719691048200125
1.406954624392185E9,0.0
1.406954629644275E9,2.274736548772909
1.406954635431957E9,2.274736548772909
1.40695464038729E9,0.0
1.406954645642002E9,4.446705653592922
1.406954651326917E9,2.274736548772909
1.40695465707699E9,4.446705653592922
1.406954662305806E9,2.274736548772909
1.40695466768818E9,0.0
1.406954673315842E9,4.446705653592922
1.40695467835322E9,0.0
1.406954684000886E9,2.274736548772909
1.40695468954152E9,4.446705653592922
1.406954694977025E9,0.0
1.406954700031544E9,2.274736548772909
1.406954705210129E9,0.0
1.406954710394686E9,2.274736548772909
1.406954717358078E9,0.0
1.40695472276493E9,2.274736548772909
1.406954728182608E9,2.274736548772909
1.406954733591904E9,2.274736548772909
1.406954738748269E9,0.0
1.40695474387505E9,2.274736548772909
1.406954749329177E9,2.274736548772909
1.406954755124267E9,0.0
1.406954760392577E9,4.446705653592922
1.406954765320261E9,0.0
1.406954771090958E9,2.274736548772909
1.40695477709657E9,2.274736548772909
1.406954782501238E9,2.274736548772909
1.406954787662203E9,2.1719691048200125
1.406954792984109E9,0.0
1.406954798626544E9,2.1719691048200125
1.406954803854058E9,2.274736548772909
1.40695480925672E9,2.274736548772909
1.406954814778244E9,2.1719691048200125
1.406954820404037E9,2.274736548772909
1.406954825373704E9,0.0
1.406954830699325E9,2.274736548772909
1.406954836230536E9,0.0
1.406954841828428E9,2.1719691048200125
1.406954847098932E9,2.274736548772909
1.40695485371546E9,2.274736548772909
1.406954859056014E9,2.274736548772909
1.406954864230427E9,0.0
1.40695486955107E9,4.446705653592922
1.4069548749674E9,0.0
1.406954880061529E9,2.274736548772909
1.406954885433719E9,4.446705653592922
1.406954890731616E9,0.0
1.40695489571257E9,0.0
1.406954901205111E9,4.446705653592922
1.406954907757822E9,0.0
1.40695491285634E9,4.446705653592922
1.406954917771921E9,2.274736548772909
1.406954923282788E9,0.0
1.406954928870936E9,2.1719691048200125
1.406954934074473E9,2.274736548772909
1.406954939291659E9,2.274736548772909
1.406954944836024E9,0.0
1.406954950486415E9,0.0
1.406954955538951E9,2.274736548772909
1.40695496079297E9,4.446705653592922
1.40695496617024E9,0.0
1.40695497168484E9,0.0
1.406954977057851E9,4.446705653592922
1.406954982405951E9,2.274736548772909
1.406954987685416E9,0.0
1.406954994144371E9,2.274736548772909
1.406954999390332E9,2.274736548772909
1.406955004706573E9,2.1719691048200125
1.406955010725759E9,0.0
1.406955015964757E9,4.446705653592922
1.406955021281671E9,0.0
1.406955026728165E9,2.274736548772909
1.406955032222027E9,4.446705653592922
1.406955037334523E9,0.0
1.406955042730609E9,2.274736548772909
1.406955047978493E9,2.1719691048200125
1.406955053296998E9,0.0
1.406955058388984E9,0.0
1.406955063755468E9,4.446705653592922
1.406955069125864E9,0.0
1.406955074722447E9,2.1719691048200125
1.40695507959341E9,2.274736548772909
1.406955085099323E9,2.274736548772909
1.406955090316685E9,4.446705653592922
1.406955095856839E9,0.0
1.406955101379367E9,0.0
1.406955106620448E9,4.446705653592922
1.406955111803763E9,0.0
1.406955117391425E9,0.0
1.406955122857877E9,2.1719691048200125
1.406955128550995E9,0.0
1.406955133938415E9,4.446705653592922
1.406955139067109E9,92.8289817121953
1.40695514475047E9,90.72317653388961
1.40695514994414E9,95.00095081701531
1.406955156503806E9,97.04057671167617
1.40695516199908E9,97.10675087627749
1.40695516792882E9,94.93478177145748
1.406955172988212E9,94.93478177145748
1.406955178157797E9,94.93478177145748
1.406955183840458E9,94.93478177145748
1.406955189023666E9,95.00095081701531
1.406955194444307E9,92.8289817121953
1.406955200226343E9,95.00095081701531
1.406955205726478E9,88.61736623654045
1.406955210652652E9,90.78933534136046
1.406955215944703E9,86.51155082014776
1.406955221279158E9,86.51155082014776
1.406955226724682E9,88.68351992496777
1.406955232198452E9,86.51155082014776
1.406955237453896E9,86.51155082014776
1.406955242745496E9,86.57769938953159
1.406955248042495E9,84.40573028471158
1.406955253309174E9,84.40573028471158
1.406955258782872E9,86.57769938953159
1.406955264457783E9,84.40573028471158
1.406955270066098E9,82.29990463023192
1.406955275264501E9,86.57769938953159
1.406955280317778E9,82.29990463023192
1.406955286100939E9,82.29990463023192
1.406955291753513E9,82.29990463023192
1.406955298392069E9,82.29990463023192
1.406955303600512E9,82.29990463023192
1.40695530896151E9,82.29990463023192
1.406955314610891E9,82.29990463023192
1.406955319870379E9,82.29990463023192
1.406955325032944E9,82.29990463023192
1.406955330602741E9,82.29990463023192
1.406955336419144E9,84.47187373505193
1.406955341799658E9,82.29990463023192
1.406955347056162E9,82.29990463023192
1.406955352525762E9,84.47187373505193
1.406955357736305E9,82.29990463023192
1.406955363017771E9,82.29990463023192
1.406955368597399E9,84.47187373505193
1.406955373968898E9,82.29990463023192
1.406955380659294E9,82.29990463023192
1.406955386017186E9,82.29990463023192
1.406955391308981E9,82.29990463023192
1.406955396488205E9,84.47187373505193
1.406955401773852E9,82.29990463023192
1.406955407249462E9,82.29990463023192
1.406955412952761E9,84.47187373505193
1.406955417931998E9,82.29990463023192
1.406955423555556E9,84.47187373505193
1.406955428826033E9,84.40573028471158
1.406955434020906E9,82.29990463023192
1.406955439323759E9,86.57769938953159
1.406955444871513E9,82.29990463023192
1.406955450163338E9,84.40573028471158
1.40695545519867E9,84.47187373505193
1.406955460703874E9,84.40573028471158
1.406955465760688E9,82.29990463023192
1.4069554712635E9,86.57769938953159
1.406955476300734E9,84.40573028471158
1.406955481810034E9,84.40573028471158
1.406955487456946E9,82.29990463023192
1.406955492592215E9,84.40573028471158
1.406955497917171E9,86.57769938953159
1.406955503476628E9,84.40573028471158
1.406955509047635E9,84.40573028471158
1.406955514170169E9,86.57769938953159
1.406955519754764E9,84.40573028471158
1.406955525065462E9,86.57769938953159
1.406955530213089E9,84.40573028471158
1.406955535581866E9,84.40573028471158
1.406955540795019E9,84.47187373505193
1.406955546128761E9,84.40573028471158
1.40695555141143E9,84.47187373505193
1.406955556823717E9,82.29990463023192
1.406955562243334E9,82.29990463023192
1.406955567443838E9,82.29990463023192
1.406955572871502E9,82.29990463023192
1.406955577976833E9,82.29990463023192
1.406955583456734E9,82.29990463023192
1.406955589279046E9,82.29990463023192
1.406955595010699E9,84.47187373505193
1.406955599969872E9,82.29990463023192
1.406955605231799E9,80.19407385670875
1.406955610599194E9,82.36604296152876
1.406955616575868E9,82.29990463023192
1.406955621845206E9,82.36604296152876
1.406955627137841E9,82.29990463023192
1.406955632525594E9,82.29990463023192
1.406955637905572E9,82.36604296152876
1.406955643327926E9,82.29990463023192
1.406955648478193E9,82.36604296152876
1.406955653798752E9,82.29990463023192
1.406955659547401E9,80.19407385670875
1.406955664535398E9,82.36604296152876
1.406955669895434E9,80.19407385670875
1.406955675490233E9,80.19407385670875
1.406955681266629E9,80.19407385670875
1.406955686535014E9,82.29990463023192
1.40695569193566E9,82.36604296152876
1.406955697140174E9,80.19407385670875
1.406955702497188E9,80.19407385670875
1.406955707946999E9,82.36604296152876
1.406955713150855E9,80.19407385670875
1.406955718592443E9,82.36604296152876
1.406955724217417E9,80.19407385670875
1.406955731055334E9,80.19407385670875
1.406955736074736E9,80.19407385670875
1.40695574120597E9,80.19407385670875
1.406955746601148E9,80.19407385670875
1.406955752259895E9,80.19407385670875
1.406955757312864E9,80.2602070689621
1.406955763121285E9,80.19407385670875
1.406955768653329E9,80.19407385670875
1.406955773859934E9,82.36604296152876
1.406955778717442E9,78.0882379641421
1.40695578413116E9,78.0882379641421
1.406955790387255E9,78.0882379641421
1.406955795549048E9,78.0882379641421
1.406955800565669E9,80.2602070689621
1.4069558061349E9,80.19407385670875
1.406955811356201E9,78.0882379641421
1.406955816671996E9,80.2602070689621
1.406955822026597E9,80.19407385670875
1.406955827333644E9,78.0882379641421
1.40695583256255E9,4.446705653592922
1.406955837905787E9,0.0
1.406955843065222E9,2.274736548772909
1.406955848490768E9,2.274736548772909
1.406955853708274E9,0.0
1.406955859297655E9,0.0
1.406955864627601E9,0.0
1.406955869608009E9,2.274736548772909
1.406955874969568E9,2.1719691048200125
1.406955880745144E9,0.0
1.406955886145771E9,2.274736548772909
1.406955891629302E9,2.274736548772909
1.406955897652919E9,2.274736548772909
1.406955903125506E9,0.0
1.406955908061667E9,2.274736548772909
1.406955913816728E9,2.1719691048200125
1.40695591992159E9,0.0
1.406955925078911E9,2.274736548772909
1.406955930208766E9,4.446705653592922
1.40695593569476E9,2.274736548772909
1.406955941020543E9,0.0
1.406955946429817E9,0.0
1.406955951698286E9,2.274736548772909
1.406955957370972E9,2.274736548772909
1.406955962513499E9,0.0
1.406955967741082E9,2.274736548772909
1.406955973366961E9,2.1719691048200125
1.406955978630182E9,2.274736548772909
1.406955983855166E9,0.0
1.406955989210016E9,2.1719691048200125
1.406955994631808E9,2.274736548772909
1.406956000370729E9,0.0
1.406956005955453E9,2.274736548772909
1.406956011350936E9,2.274736548772909
1.406956016654848E9,2.1719691048200125
1.406956021935641E9,2.274736548772909
1.406956027120202E9,0.0
1.406956032333509E9,2.1719691048200125
1.406956037851342E9,2.274736548772909
1.406956043033098E9,2.274736548772909
1.406956048663593E9,4.446705653592922
1.406956054102843E9,0.0
1.406956059600514E9,2.1719691048200125
1.406956064833829E9,2.274736548772909
1.406956070035628E9,0.0
1.40695607523214E9,0.0
1.4069560803591E9,0.0
1.406956085748406E9,2.274736548772909
1.406956091109738E9,0.0
1.40695609721649E9,0.0
1.406956102139693E9,0.0
1.406956107410366E9,4.446705653592922
1.406956113013227E9,2.274736548772909
1.4069561185226E9,2.274736548772909
1.406956123738097E9,2.1719691048200125
1.406956128629972E9,2.274736548772909
1.406956134156426E9,0.0
1.406956139703779E9,4.446705653592922
1.406956144901333E9,0.0
1.406956149772376E9,2.274736548772909
1.406956155332444E9,2.274736548772909
1.406956161113502E9,0.0
1.406956166673556E9,2.1719691048200125
1.406956171562875E9,0.0
1.406956177132667E9,2.274736548772909
1.406956182279719E9,2.274736548772909
1.406956187728607E9,0.0
1.406956193173291E9,2.274736548772909
1.406956199038619E9,2.274736548772909
1.406956204308156E9,2.274736548772909
1.406956209466993E9,4.446705653592922
1.406956214905996E9,0.0
1.406956220440126E9,0.0
1.406956225661585E9,4.446705653592922
1.406956230916933E9,0.0
1.406956236528716E9,2.1719691048200125
1.406956241785333E9,2.274736548772909
1.406956246677294E9,0.0
1.406956251902292E9,2.1719691048200125
1.406956257520706E9,0.0
1.406956262829648E9,2.274736548772909
1.406956268120171E9,2.1719691048200125
1.406956313347175E9,2.1719691048200125
1.40695631810011E9,0.0
1.406956323737225E9,0.0
1.406956329346962E9,0.0
1.406956335025541E9,0.0
1.406956339837747E9,0.0
1.406956345602739E9,2.1719691048200125
1.406956351624264E9,0.0
1.406956356938629E9,0.0
1.406956362284894E9,2.1719691048200125
1.406956367748242E9,0.0
1.406956373170345E9,0.0
1.406956378642044E9,0.0
1.406956384552971E9,0.0
1.406956389950549E9,2.1719691048200125
1.406956395570656E9,0.0
1.406956400818444E9,0.0
1.406956406411258E9,0.0
1.406956412004814E9,0.0
1.406956416955559E9,0.0
1.406956422739301E9,0.0
1.40695642825951E9,0.0
1.406956433711651E9,2.1719691048200125
1.406956438962832E9,0.0
1.406956444543402E9,2.1719691048200125
1.406956450528782E9,0.0
1.406956455912582E9,0.0
1.406956461113124E9,2.1719691048200125
1.406956466579864E9,0.0
1.406956471986307E9,0.0
1.406956477238113E9,2.1719691048200125
1.406956482453117E9,0.0
1.406956487744382E9,0.0
1.406956493289163E9,2.1719691048200125
1.406956498591749E9,2.274736548772909
1.406956503710215E9,0.0
1.406956509172068E9,2.274736548772909
1.406956514390131E9,2.274736548772909
1.406956519695903E9,2.274736548772909
1.406956525198471E9,2.1719691048200125
1.406956530791026E9,0.0
1.406956535736576E9,2.274736548772909
1.40695654074386E9,2.1719691048200125
1.406956546152798E9,2.274736548772909
1.406956552257286E9,0.0
1.406956557418724E9,0.0
1.406956562412194E9,2.274736548772909
1.406956567775587E9,2.1719691048200125
1.406956573413677E9,2.274736548772909
1.406956578846053E9,0.0
1.406956584287477E9,2.1719691048200125
1.406956589168351E9,2.274736548772909
1.406956595030026E9,0.0
1.406956600459832E9,0.0
1.406956605676154E9,2.274736548772909
1.406956610847225E9,4.446705653592922
1.406956616867628E9,2.274736548772909
1.406956622396201E9,4.446705653592922
1.406956627399768E9,0.0
1.406956632847399E9,2.274736548772909
1.406956638870003E9,2.274736548772909
1.406956644585735E9,0.0
1.406956649695276E9,4.446705653592922
1.406956654978591E9,0.0
1.406956660361157E9,0.0
1.406956665647906E9,4.446705653592922
1.406956670478159E9,2.274736548772909
1.406956676064401E9,2.274736548772909
1.406956681504306E9,2.1719691048200125
1.406956687149095E9,2.274736548772909
1.406956691994774E9,0.0
1.406956697566161E9,2.1719691048200125
1.406956703092787E9,2.274736548772909
1.406956708298374E9,2.274736548772909
1.40695671360803E9,2.1719691048200125
1.406956719004925E9,0.0
1.406956724439856E9,2.1719691048200125
1.406956729919712E9,4.446705653592922
1.406956734971967E9,0.0
1.406956740076528E9,2.274736548772909
1.406956745498137E9,4.446705653592922
1.40695675080991E9,0.0
1.406956755991958E9,0.0
1.406956761196797E9,2.1719691048200125
1.406956766621562E9,2.274736548772909
1.406956771670431E9,0.0
1.406956777230323E9,4.446705653592922
1.40695678266715E9,2.274736548772909
1.406956788420344E9,0.0
1.406956794086915E9,2.274736548772909
1.406956799401581E9,2.274736548772909
1.406956804958509E9,2.1719691048200125
1.406956810823827E9,0.0
1.406956815941052E9,4.446705653592922
1.406956821187387E9,0.0
1.40695682742677E9,2.274736548772909
1.406956832473949E9,2.274736548772909
1.406956837739629E9,0.0
1.406956843564977E9,2.1719691048200125
1.406956849190813E9,2.274736548772909
1.406956854058102E9,0.0
1.406956859410124E9,2.274736548772909
1.406956865526763E9,2.274736548772909
1.406956871428352E9,4.446705653592922
1.406956876667889E9,0.0
1.406956881849409E9,0.0
1.406956887363721E9,2.1719691048200125
1.406956892634341E9,2.274736548772909
1.406956897617073E9,0.0
1.406956902968389E9,2.1719691048200125
1.406956908653197E9,0.0
1.406956914101838E9,2.274736548772909
1.406956919444013E9,4.446705653592922
1.406956924677588E9,0.0
1.40695693009881E9,0.0
1.40695693538441E9,0.0
1.406956940527459E9,2.274736548772909
1.406956945969958E9,0.0
1.406956951707538E9,0.0
1.406956956644761E9,2.274736548772909
1.406956962223627E9,4.446705653592922
1.406956967678792E9,2.274736548772909
1.406956973273775E9,4.446705653592922
1.406956978552178E9,0.0
1.40695698424709E9,2.274736548772909
1.406956989598301E9,0.0
1.406956994991798E9,2.274736548772909
1.406957000281386E9,2.274736548772909
1.406957005707152E9,0.0
1.406957011414249E9,0.0
1.406957016839024E9,2.1719691048200125
1.406957022163796E9,2.274736548772909
1.406957027635912E9,4.446705653592922
1.406957033008726E9,0.0
1.406957038423252E9,0.0
1.406957043935893E9,4.446705653592922
1.40695704957616E9,2.274736548772909
1.406957055363023E9,0.0
1.406957060488516E9,2.274736548772909
1.406957065692916E9,0.0
1.406957071119991E9,4.446705653592922
1.406957077883313E9,2.274736548772909
1.406957083086987E9,0.0
1.406957088307891E9,2.1719691048200125
1.406957094025005E9,2.274736548772909
1.406957099724636E9,2.274736548772909
1.406957104826007E9,2.274736548772909
1.406957110223892E9,0.0
1.406957115723158E9,2.1719691048200125
1.406957121222512E9,2.274736548772909
1.406957126385254E9,2.274736548772909
1.406957131616897E9,2.1719691048200125
1.406957136697631E9,2.274736548772909
1.40695714199685E9,2.274736548772909
1.406957147192526E9,0.0
1.406957152673051E9,0.0
1.406957159657714E9,2.274736548772909
1.406957164951346E9,0.0
1.406957170641073E9,4.446705653592922
1.406957176495949E9,2.274736548772909
1.406957181802085E9,0.0
1.406957187196048E9,4.446705653592922
1.406957192471085E9,0.0
1.406957197853127E9,2.274736548772909
1.406957202913865E9,2.1719691048200125
1.40695720851681E9,0.0
1.40695721374431E9,4.446705653592922
1.406957219068788E9,0.0
1.406957224315946E9,2.274736548772909
1.406957229657862E9,2.1719691048200125
1.406957235348596E9,2.274736548772909
1.406957240726986E9,2.274736548772909
1.406957246011689E9,2.1719691048200125
1.406957251360888E9,2.274736548772909
1.406957257030822E9,2.1719691048200125
1.406957262605617E9,0.0
1.406957267767813E9,2.274736548772909
1.40695727289435E9,2.1719691048200125
1.406957278576E9,0.0
1.406957284111032E9,2.274736548772909
1.406957288922569E9,2.1719691048200125
1.4069572942178E9,0.0
1.406957301404825E9,0.0
1.40695730690896E9,2.274736548772909
1.406957311918068E9,2.1719691048200125
1.40695731733457E9,0.0
1.406957322875578E9,0.0
1.406957328059257E9,4.446705653592922
1.406957333422846E9,2.274736548772909
1.406957339027353E9,2.1719691048200125
1.406957344546756E9,0.0
1.406957349705209E9,4.446705653592922
1.406957354785005E9,2.274736548772909
1.406957360337257E9,2.274736548772909
1.406957365808214E9,2.1719691048200125
1.406957370988423E9,2.274736548772909
1.406957376466009E9,2.274736548772909
1.406957381948674E9,4.446705653592922
1.406957387296566E9,2.274736548772909
1.406957392720228E9,0.0
1.406957397855259E9,4.446705653592922
1.406957402949771E9,0.0
1.406957408411841E9,2.274736548772909
1.406957414066712E9,2.1719691048200125
1.406957419325367E9,0.0
1.406957424601393E9,4.446705653592922
1.40695743001956E9,0.0
1.40695743520484E9,0.0
1.406957440888143E9,0.0
1.406957446103404E9,2.274736548772909
1.406957450976998E9,0.0
1.406957456550259E9,0.0
1.406957462149717E9,2.274736548772909
1.406957467231167E9,4.446705653592922
1.406957472589668E9,0.0
1.406957478018553E9,2.274736548772909
1.406957483837144E9,2.1719691048200125
1.40695748917592E9,2.274736548772909
1.406957494531054E9,4.446705653592922
1.406957500316498E9,2.274736548772909
1.406957505515271E9,2.274736548772909
1.406957510562786E9,2.1719691048200125
1.406957516139074E9,2.274736548772909
1.406957521829905E9,4.446705653592922
1.406957527195501E9,0.0
1.40695753230649E9,0.0
1.406957537797664E9,4.446705653592922
1.406957543251437E9,2.274736548772909
1.40695754877998E9,2.274736548772909
1.4069575544092E9,4.446705653592922
1.406957560094957E9,0.0
1.406957564996355E9,4.446705653592922
1.406957570230979E9,0.0
1.406957575917322E9,2.274736548772909
1.406957581407054E9,2.274736548772909
1.406957586643949E9,0.0
1.406957591911169E9,4.446705653592922
1.40695759742597E9,2.1719691048200125
1.406957602533172E9,2.274736548772909
1.40695760763685E9,0.0
1.406957613005315E9,4.446705653592922
1.406957618399984E9,2.274736548772909
1.406957623873547E9,0.0
1.406957629191836E9,4.446705653592922
1.406957634295722E9,2.274736548772909
1.406957639875057E9,4.446705653592922
1.406957645243345E9,0.0
1.406957650561967E9,0.0
1.406957655847504E9,4.446705653592922
1.406957661224312E9,0.0
1.406957666953234E9,2.1719691048200125
1.406957672136448E9,2.274736548772909
1.406957677290899E9,2.274736548772909
1.406957682815907E9,4.446705653592922
1.406957688462533E9,2.274736548772909
1.406957693635894E9,0.0
1.406957698716641E9,2.274736548772909
1.406957704671834E9,4.446705653592922
1.406957710089425E9,4.446705653592922
1.406957715421886E9,2.274736548772909
1.406957720522888E9,0.0
1.406957726279231E9,4.446705653592922
1.40695773141744E9,0.0
1.406957736672062E9,2.274736548772909
1.406957741880371E9,2.1719691048200125
1.406957748156272E9,0.0
1.406957753507684E9,2.1719691048200125
1.406957758352353E9,2.274736548772909
1.406957763771922E9,0.0
1.406957769619411E9,4.446705653592922
1.406957774863691E9,0.0
1.406957780172307E9,2.274736548772909
1.406957785631975E9,4.446705653592922
1.406957791009652E9,0.0
1.406957796465126E9,0.0
1.406957801537709E9,2.1719691048200125
1.406957806716518E9,2.274736548772909
1.406957812052571E9,0.0
1.406957817558623E9,2.1719691048200125
1.406957823035484E9,2.274736548772909
1.40695782849971E9,2.274736548772909
1.406957833687913E9,4.446705653592922
1.406957840382275E9,103.35793081807124
1.406957846453608E9,92.89514563870962
1.406957852160033E9,92.8289817121953
1.406957857137483E9,94.93478177145748
1.406957862427275E9,94.93478177145748
1.406957867387584E9,92.8289817121953
1.406957872870978E9,95.00095081701531
1.406957878380178E9,94.93478177145748
1.406957883761231E9,94.93478177145748
1.406957888799585E9,97.10675087627749
1.406957894374955E9,92.8289817121953
1.406957899819842E9,92.8289817121953
1.406957905369906E9,90.72317653388961
1.406957910450223E9,88.61736623654045
1.406957916195588E9,88.61736623654045
1.406957921665847E9,88.61736623654045
1.406957927397731E9,86.51155082014776
1.406957932591602E9,86.51155082014776
1.406957938104224E9,86.51155082014776
1.406957943632256E9,84.40573028471158
1.406957948843846E9,88.68351992496777
1.406957954239263E9,84.40573028471158
1.406957959844513E9,86.57769938953159
1.406957964751701E9,84.40573028471158
1.406957969980938E9,84.40573028471158
1.406957975298765E9,82.29990463023192
1.406957980974266E9,82.29990463023192
1.406957986029688E9,82.29990463023192
1.406957991160223E9,84.47187373505193
1.406957996307224E9,82.29990463023192
1.406958002150384E9,82.29990463023192
1.406958007880162E9,82.29990463023192
1.406958012834173E9,82.29990463023192
1.406958018067821E9,84.47187373505193
1.406958023646492E9,82.29990463023192
1.406958029482422E9,82.29990463023192
1.406958034697724E9,82.29990463023192
1.406958040264315E9,82.29990463023192
1.406958045455699E9,84.47187373505193
1.406958050780952E9,82.29990463023192
1.406958056118933E9,82.29990463023192
1.406958061299351E9,84.47187373505193
1.406958067569362E9,82.29990463023192
1.406958078911358E9,82.29990463023192
1.406958083999676E9,82.29990463023192
1.40695808962337E9,82.29990463023192
1.406958094740119E9,82.29990463023192
1.406958100338217E9,82.29990463023192
1.406958105840782E9,82.29990463023192
1.406958111719631E9,82.29990463023192
1.406958116770497E9,84.47187373505193
1.40695812205571E9,82.29990463023192
1.406958127149763E9,82.29990463023192
1.406958132476867E9,84.47187373505193
1.406958137757316E9,84.40573028471158
1.406958142887926E9,82.29990463023192
1.40695814816637E9,84.47187373505193
1.406958153600931E9,82.29990463023192
1.406958158896033E9,84.40573028471158
1.40695816561488E9,84.40573028471158
1.406958171208832E9,82.29990463023192
1.406958176276027E9,84.40573028471158
1.406958181554202E9,84.40573028471158
1.406958186753829E9,84.47187373505193
1.406958191884888E9,84.40573028471158
1.406958197126468E9,84.40573028471158
1.406958202430954E9,86.57769938953159
1.406958208212051E9,84.40573028471158
1.406958213434867E9,86.57769938953159
1.406958218512595E9,84.40573028471158
1.406958223587127E9,82.29990463023192
1.406958229367614E9,82.29990463023192
1.40695823501427E9,82.29990463023192
1.406958240179876E9,82.29990463023192
1.406958245534305E9,82.29990463023192
1.406958250953651E9,82.29990463023192
1.406958256346492E9,86.57769938953159
1.406958261719948E9,82.29990463023192
1.40695826703214E9,82.29990463023192
1.406958272528259E9,84.47187373505193
1.406958277873033E9,82.29990463023192
1.406958282860083E9,82.29990463023192
1.406958288060887E9,80.19407385670875
1.406958293686885E9,82.29990463023192
1.406958299282044E9,82.29990463023192
1.406958304490263E9,84.47187373505193
1.406958309776915E9,82.29990463023192
1.40695831546068E9,82.29990463023192
1.406958320836985E9,82.36604296152876
1.406958326016754E9,82.29990463023192
1.406958331184245E9,80.19407385670875
1.406958336849365E9,82.29990463023192
1.406958341997441E9,80.19407385670875
1.406958347139675E9,84.47187373505193
1.406958352404677E9,80.19407385670875
1.406958357547733E9,80.19407385670875
1.406958362757547E9,82.36604296152876
1.406958368007659E9,80.19407385670875
1.406958373373088E9,80.19407385670875
1.406958378805173E9,82.36604296152876
1.406958384007905E9,80.19407385670875
1.406958389115217E9,80.19407385670875
1.406958394430766E9,80.19407385670875
1.406958399830974E9,80.19407385670875
1.406958405257502E9,80.19407385670875
1.406958410604406E9,80.19407385670875
1.406958415878028E9,80.19407385670875
1.406958421139413E9,80.19407385670875
1.406958426365075E9,78.0882379641421
1.406958431560564E9,78.0882379641421
1.40695843671906E9,80.2602070689621
1.406958442243869E9,78.0882379641421
1.406958447525542E9,78.0882379641421
1.406958452901079E9,82.36604296152876
1.406958458055599E9,80.19407385670875
1.406958463414672E9,80.2602070689621
1.406958469100309E9,78.0882379641421
1.406958474597079E9,80.19407385670875
1.406958479584499E9,82.36604296152876
1.406958484844894E9,78.0882379641421
1.406958490306076E9,80.19407385670875
1.406958495399156E9,80.2602070689621
1.406958500575439E9,78.0882379641421
1.406958506209347E9,78.0882379641421
1.406958511933827E9,80.19407385670875
1.406958517015137E9,78.0882379641421
1.406958522348967E9,4.446705653592922
1.406958527946677E9,2.1719691048200125
1.406958533629336E9,0.0
1.406958538909699E9,2.274736548772909
1.406958544000169E9,2.1719691048200125
1.406958549715936E9,0.0
1.406958554662576E9,4.446705653592922
1.406958560346069E9,0.0
1.406958565840367E9,2.274736548772909
1.40695857148205E9,2.274736548772909
1.40695857657334E9,0.0
1.406958581831694E9,2.274736548772909
1.406958587279697E9,2.1719691048200125
1.406958592680766E9,0.0
1.406958598175709E9,4.446705653592922
1.406958603242236E9,0.0
1.406958609172752E9,0.0
1.406958614630431E9,2.274736548772909
1.406958619972931E9,0.0
1.40695862529882E9,2.274736548772909
1.406958630915988E9,2.274736548772909
1.406958636600752E9,2.274736548772909
1.406958641560303E9,2.1719691048200125
1.406958646509642E9,2.274736548772909
1.406958651845318E9,0.0
1.406958658344141E9,0.0
1.406958663447365E9,0.0
1.406958668425805E9,2.1719691048200125
1.406958673513368E9,2.274736548772909
1.406958679589338E9,2.274736548772909
1.406958685177732E9,0.0
1.406958690011764E9,2.274736548772909
1.406958695637843E9,2.274736548772909
1.406958701767395E9,2.274736548772909
1.406958707108963E9,0.0
1.406958712205795E9,4.446705653592922
1.406958717881974E9,2.274736548772909
1.406958723684729E9,2.1719691048200125
1.406958729971128E9,0.0
1.406958735322149E9,0.0
1.40695874093653E9,2.274736548772909
1.406958746013624E9,0.0
1.406958751548529E9,2.1719691048200125
1.40695875719607E9,2.274736548772909
1.406958762938673E9,2.1719691048200125
1.406958768122182E9,2.274736548772909
1.406958773229256E9,0.0
1.406958778475256E9,0.0
1.406958784619946E9,0.0
1.406958789552251E9,4.446705653592922
1.406958794962992E9,0.0
1.406958800157624E9,2.274736548772909
1.406958805797383E9,4.446705653592922
1.406958810839209E9,2.274736548772909
1.406958816256147E9,0.0
1.406958822179837E9,2.1719691048200125
1.40695882760565E9,0.0
1.406958833015946E9,2.274736548772909
1.406958838146758E9,2.1719691048200125
1.406958843755229E9,0.0
1.406958849493504E9,0.0
1.406958854970275E9,2.274736548772909
1.406958859787651E9,0.0
1.406958865484501E9,0.0
1.406958871079681E9,2.274736548772909
1.406958876304689E9,2.274736548772909
1.406958881608578E9,0.0
1.406958887097766E9,2.274736548772909
1.406958892959325E9,4.446705653592922
1.40695889782562E9,2.274736548772909
1.406958903165402E9,0.0
1.40695890908633E9,0.0
1.406958914941566E9,0.0
1.406958919800564E9,4.446705653592922
1.406958925200477E9,0.0
1.406958930871509E9,0.0
1.406958936245573E9,2.1719691048200125
1.406958941554885E9,2.274736548772909
1.406958946919802E9,2.1719691048200125
1.406958952584282E9,2.274736548772909
1.406958957962846E9,0.0
1.4069589631669E9,2.1719691048200125
1.40695896864295E9,2.274736548772909
1.40695897442743E9,4.446705653592922
1.406958979817838E9,0.0
1.406958984836838E9,2.274736548772909
1.406958990016061E9,0.0
1.406958995550738E9,0.0
1.406959001101268E9,2.274736548772909
1.406959006445751E9,2.274736548772909
1.406959011593358E9,0.0
1.406959017247189E9,2.274736548772909
1.406959022830708E9,2.274736548772909
1.406959027712916E9,2.274736548772909
1.406959033129842E9,0.0
1.406959038276053E9,2.1719691048200125
1.406959043715645E9,2.274736548772909
1.406959048803046E9,2.1719691048200125
1.406959053639552E9,2.274736548772909
1.406959059474262E9,2.274736548772909
1.406959065620431E9,2.274736548772909
1.406959071079698E9,0.0
1.406959075922729E9,2.274736548772909
1.406959081559631E9,2.274736548772909
1.406959086968972E9,0.0
1.406959092108396E9,4.446705653592922
1.406959097188096E9,0.0
1.406959103050814E9,0.0
1.406959108801332E9,0.0
1.406959113860677E9,2.274736548772909
1.406959119098904E9,2.1719691048200125
1.406959125261244E9,2.274736548772909
1.406959130853675E9,2.274736548772909
1.406959136124945E9,2.274736548772909
1.406959141578202E9,2.1719691048200125
1.406959147082825E9,2.274736548772909
1.406959152333884E9,2.274736548772909
1.406959157594528E9,0.0
1.406959163016721E9,2.274736548772909
1.406959168340454E9,2.274736548772909
1.406959173579981E9,0.0
1.406959178749628E9,4.446705653592922
1.406959184358087E9,2.274736548772909
1.406959189587443E9,2.274736548772909
1.406959194989292E9,2.1719691048200125
1.406959200924342E9,0.0
1.406959205977141E9,2.274736548772909
1.40695921134811E9,2.274736548772909
1.406959216595659E9,0.0
1.406959222037297E9,4.446705653592922
1.40695922731333E9,2.274736548772909
1.406959232493352E9,2.274736548772909
1.406959238142461E9,2.1719691048200125
1.406959243730823E9,0.0
1.406959249008279E9,2.274736548772909
1.406959254230313E9,2.1719691048200125
1.406959261398077E9,0.0
1.40695926668663E9,2.274736548772909
1.406959271950034E9,0.0
1.406959277047351E9,2.274736548772909
1.406959282910357E9,2.274736548772909
1.40695928879108E9,2.274736548772909
1.406959293629619E9,4.446705653592922
1.40695929896767E9,0.0
1.406959304449245E9,2.1719691048200125
1.406959309825933E9,2.274736548772909
1.406959314784488E9,0.0
1.40695932003183E9,2.274736548772909
1.406959325679701E9,0.0
1.406959331828544E9,0.0
1.406959336948031E9,4.446705653592922
1.406959341864073E9,0.0
1.406959347122085E9,2.274736548772909
1.406959352475213E9,4.446705653592922
1.406959357897462E9,0.0
1.406959363158482E9,2.274736548772909
1.406959368497083E9,4.446705653592922
1.406959374253928E9,2.274736548772909
1.406959379738225E9,4.446705653592922
1.406959384855009E9,0.0
1.406959389869813E9,2.274736548772909
1.406959395483506E9,0.0
1.406959401505554E9,2.274736548772909
1.406959406687001E9,0.0
1.406959412014771E9,4.446705653592922
1.406959417802878E9,0.0
1.406959423192688E9,4.446705653592922
1.406959428640311E9,2.274736548772909
1.406959434091635E9,0.0
1.406959439706642E9,2.274736548772909
1.406959444779999E9,0.0
1.406959449869377E9,4.446705653592922
1.40695945541095E9,0.0
1.406959461308346E9,0.0
1.406959466536705E9,0.0
1.40695947170573E9,2.274736548772909
1.406959477087124E9,2.1719691048200125
1.406959482681897E9,2.274736548772909
1.406959488083347E9,2.1719691048200125
1.406959493627986E9,0.0
1.406959498872709E9,2.274736548772909
1.406959504065483E9,2.1719691048200125
1.406959509371035E9,2.1719691048200125
1.40695951493411E9,2.274736548772909
1.406959520137922E9,0.0
1.406959525311986E9,4.446705653592922
1.406959530671023E9,2.274736548772909
1.406959536094328E9,4.446705653592922
1.406959541551773E9,2.274736548772909
1.406959546855476E9,0.0
1.406959552167649E9,4.446705653592922
1.406959557445805E9,2.274736548772909
1.406959562675053E9,0.0
1.406959568151558E9,2.1719691048200125
1.40695957339878E9,0.0
1.406959578826713E9,2.274736548772909
1.406959584215035E9,0.0
1.406959589536581E9,0.0
1.40695959481026E9,4.446705653592922
1.40695959994218E9,0.0
1.406959605728128E9,0.0
1.406959611415784E9,2.1719691048200125
1.406959616292198E9,0.0
1.406959621506984E9,4.446705653592922
1.406959627388597E9,0.0
1.406959633123918E9,0.0
1.4069596382923E9,2.1719691048200125
1.406959644850451E9,0.0
1.406959650564112E9,0.0
1.406959655975665E9,0.0
1.4069596608158E9,2.274736548772909
1.406959666071205E9,2.1719691048200125
1.406959671815277E9,0.0
1.406959677549893E9,2.1719691048200125
1.406959682551115E9,2.274736548772909
1.40695968798167E9,0.0
1.406959693573797E9,2.1719691048200125
1.406959698969993E9,0.0
1.406959704275505E9,2.274736548772909
1.406959709444895E9,4.446705653592922
1.406959714776717E9,0.0
1.406959720023203E9,2.274736548772909
1.406959725470559E9,2.274736548772909
1.40695973070849E9,0.0
1.406959735977742E9,2.274736548772909
1.406959741328378E9,0.0
1.406959746415339E9,2.274736548772909
1.406959751642053E9,0.0
1.406959757140677E9,2.274736548772909
1.406959762400456E9,2.274736548772909
1.406959767855065E9,4.446705653592922
1.406959773246908E9,0.0
1.406959778622305E9,0.0
1.406959783811023E9,4.446705653592922
1.40695978930711E9,0.0
1.40695979615111E9,4.446705653592922
1.406959801586148E9,2.274736548772909
1.406959806996043E9,2.1719691048200125
1.406959812280763E9,2.274736548772909
1.406959818110492E9,2.274736548772909
1.406959823624835E9,2.274736548772909
1.406959828817409E9,2.274736548772909
1.40695983398574E9,2.1719691048200125
1.406959839350972E9,0.0
1.40695984445102E9,4.446705653592922
1.40695984949877E9,0.0
1.406959855180147E9,2.274736548772909
1.406959860595718E9,2.1719691048200125
1.406959866135427E9,2.274736548772909
1.406959871230774E9,0.0
1.406959876514574E9,2.1719691048200125
1.406959881863872E9,2.274736548772909
1.406959887628302E9,2.274736548772909
1.406959892814774E9,2.1719691048200125
1.406959898131479E9,2.274736548772909
1.406959903370298E9,2.274736548772909
1.406959908745368E9,2.1719691048200125
1.406959914299381E9,2.274736548772909
1.406959920002539E9,0.0
1.406959925178105E9,4.446705653592922
1.406959930532907E9,2.274736548772909
1.406959935718393E9,2.1719691048200125
1.406959941174868E9,2.274736548772909
1.406959946398537E9,2.274736548772909
1.406959951867097E9,2.1719691048200125
1.406959957262552E9,2.274736548772909
1.406959962723152E9,2.274736548772909
1.406959967924736E9,4.446705653592922
1.406959973031205E9,0.0
1.406959978533544E9,0.0
1.406959983992362E9,2.274736548772909
1.406959989472918E9,2.274736548772909
1.406959995085722E9,2.1719691048200125
1.406960000165944E9,0.0
1.406960005667819E9,2.274736548772909
1.406960010892358E9,4.446705653592922
1.406960016225711E9,0.0
1.406960021558255E9,2.1719691048200125
1.406960026804749E9,2.274736548772909
1.406960032396598E9,2.274736548772909
1.406960037897162E9,2.1719691048200125
1.406960042793266E9,0.0
1.406960048073362E9,2.274736548772909
1.406960053856319E9,4.446705653592922
1.406960059547651E9,2.274736548772909
1.406960064505078E9,0.0
1.406960069728654E9,2.274736548772909
1.406960075160691E9,0.0
1.406960080999326E9,2.1719691048200125
1.406960086467926E9,2.274736548772909
1.406960091860462E9,0.0
1.406960097235933E9,4.446705653592922
1.406960102368585E9,2.274736548772909
1.406960107594038E9,2.1719691048200125
1.406960113020544E9,2.274736548772909
1.406960118767376E9,2.274736548772909
1.406960124041808E9,2.1719691048200125
1.406960129120126E9,2.274736548772909
1.406960134254745E9,0.0
1.406960139682356E9,2.1719691048200125
1.406960144899916E9,2.274736548772909
1.406960150124321E9,2.274736548772909
1.406960155357813E9,2.274736548772909
1.406960160770443E9,0.0
1.40696016615303E9,2.274736548772909
1.406960171120586E9,2.1719691048200125
1.406960176340189E9,0.0
1.406960182459961E9,2.274736548772909
1.406960187962324E9,2.274736548772909
1.406960193077848E9,2.274736548772909
1.406960198827594E9,2.274736548772909
1.406960204237971E9,0.0
1.406960209349422E9,2.1719691048200125
1.406960214533918E9,2.274736548772909
1.406960220021114E9,0.0
1.406960225606134E9,0.0
1.406960230952639E9,2.274736548772909
1.406960236192532E9,0.0
1.406960241806895E9,2.1719691048200125
1.406960247187082E9,0.0
1.406960252667016E9,0.0
1.406960258094579E9,4.446705653592922
1.406960263591875E9,2.274736548772909
1.406960268713411E9,0.0
1.406960274065898E9,4.446705653592922
1.406960279553906E9,2.274736548772909
1.406960284717277E9,4.446705653592922
1.406960290103748E9,0.0
1.406960295394611E9,2.1719691048200125
1.406960300437856E9,2.274736548772909
1.40696030571678E9,0.0
1.40696031111096E9,2.274736548772909
1.406960316587523E9,4.446705653592922
1.406960322080147E9,0.0
1.406960327474605E9,0.0
1.40696033280817E9,2.274736548772909
1.406960338235745E9,0.0
1.406960343577084E9,2.1719691048200125
1.406960349035252E9,0.0
1.406960354169301E9,0.0
1.406960359282866E9,2.1719691048200125
1.406960364740274E9,0.0
1.406960370180708E9,2.274736548772909
1.406960375410728E9,2.274736548772909
1.406960380807161E9,0.0
1.406960386341253E9,0.0
1.406960391842209E9,2.274736548772909
1.406960396670542E9,0.0
1.406960402351414E9,2.274736548772909
1.40696040797388E9,4.446705653592922
1.406960413311998E9,0.0
1.406960418480983E9,0.0
1.406960423656319E9,2.1719691048200125
1.406960429319296E9,2.274736548772909
1.406960434741055E9,2.274736548772909
1.406960440047141E9,2.1719691048200125
1.406960445876289E9,0.0
1.406960451586565E9,2.1719691048200125
1.406960456425608E9,2.274736548772909
1.406960461826934E9,0.0
1.406960467134948E9,2.274736548772909
1.406960472841604E9,2.274736548772909
1.406960477954986E9,0.0
1.406960482875397E9,4.446705653592922
1.406960488671191E9,2.274736548772909
1.406960493986827E9,2.1719691048200125
1.406960499206337E9,0.0
1.406960504643065E9,0.0
1.406960510317487E9,4.446705653592922
1.406960515711529E9,2.274736548772909
1.406960520884226E9,99.14636653285136
1.406960526046904E9,92.89514563870962
1.406960531474494E9,90.72317653388961
1.406960536966456E9,94.93478177145748
1.406960542519407E9,94.93478177145748
1.406960547893028E9,94.93478177145748
1.406960553169376E9,95.00095081701531
1.406960558840325E9,94.93478177145748
1.406960564346776E9,94.93478177145748
1.406960569830503E9,94.93478177145748
1.406960574931618E9,92.8289817121953
1.406960580172517E9,92.8289817121953
1.406960586652075E9,90.72317653388961
1.406960592009683E9,90.72317653388961
1.406960597840366E9,88.61736623654045
1.406960603236976E9,88.61736623654045
1.406960608450285E9,88.61736623654045
1.406960613536811E9,86.51155082014776
1.406960619226938E9,86.51155082014776
1.406960624416931E9,86.51155082014776
1.406960629390403E9,84.40573028471158
1.406960634932201E9,86.57769938953159
1.406960640521593E9,84.40573028471158
1.40696064561122E9,84.40573028471158
1.406960651029834E9,84.47187373505193
1.406960656179395E9,82.29990463023192
1.406960661627541E9,84.47187373505193
1.406960667443455E9,82.29990463023192
1.406960673840992E9,84.47187373505193
1.406960679299062E9,82.29990463023192
1.406960684611358E9,82.29990463023192
1.406960689975618E9,84.47187373505193
1.406960695176399E9,82.29990463023192
1.406960700451592E9,82.29990463023192
1.406960705722443E9,84.47187373505193
1.406960711138864E9,80.19407385670875
1.406960716063099E9,82.29990463023192
1.406960721432092E9,84.47187373505193
1.406960726959856E9,82.29990463023192
1.406960732390187E9,80.19407385670875
1.40696073785681E9,80.19407385670875
1.406960743049215E9,82.29990463023192
1.406960748383743E9,82.29990463023192
1.406960753732504E9,82.29990463023192
1.406960758978977E9,82.29990463023192
1.40696076437158E9,82.29990463023192
1.406960769497235E9,82.29990463023192
1.406960774634766E9,82.29990463023192
1.406960780002118E9,82.29990463023192
1.406960785706957E9,82.29990463023192
1.406960791107308E9,82.29990463023192
1.406960796451827E9,84.40573028471158
1.40696080255698E9,82.29990463023192
1.406960807797004E9,82.29990463023192
1.406960812637278E9,84.47187373505193
1.406960818255925E9,82.29990463023192
1.406960823948406E9,84.47187373505193
1.406960829604404E9,82.29990463023192
1.406960834626362E9,82.29990463023192
1.406960839914477E9,86.57769938953159
1.406960845323057E9,82.29990463023192
1.406960850497225E9,84.40573028471158
1.406960855588845E9,84.47187373505193
1.406960861014667E9,82.29990463023192
1.406960866801227E9,84.47187373505193
1.406960872096627E9,82.29990463023192
1.406960877041656E9,84.40573028471158
1.406960882236998E9,86.57769938953159
1.406960888457269E9,82.29990463023192
1.4069608943185E9,86.57769938953159
1.406960899271129E9,84.40573028471158
1.406960904758818E9,82.29990463023192
1.406960910521608E9,82.29990463023192
1.406960915672015E9,82.29990463023192
1.406960920539344E9,84.47187373505193
1.406960926199043E9,84.47187373505193
1.406960931968716E9,82.29990463023192
1.406960937104148E9,84.47187373505193
1.40696094198849E9,82.29990463023192
1.40696094737072E9,82.29990463023192
1.406960954031554E9,82.29990463023192
1.406960959272418E9,80.19407385670875
1.406960964599131E9,82.29990463023192
1.406960969942637E9,82.29990463023192
1.406960975435457E9,80.19407385670875
1.406960980841653E9,82.36604296152876
1.406960986039275E9,82.29990463023192
1.406960991357515E9,82.29990463023192
1.406960996623633E9,82.36604296152876
1.406961001655256E9,82.29990463023192
1.40696100699343E9,80.19407385670875
1.406961012478018E9,80.19407385670875
1.406961018033587E9,80.19407385670875
1.406961023088024E9,80.19407385670875
1.406961028109028E9,82.36604296152876
1.406961033598028E9,80.19407385670875
1.406961039153736E9,80.19407385670875
1.406961044369528E9,80.19407385670875
1.406961049462274E9,80.19407385670875
1.406961054654079E9,80.19407385670875
1.40696106013797E9,82.36604296152876
1.406961065554471E9,80.19407385670875
1.406961070923817E9,78.0882379641421
1.406961076232464E9,82.36604296152876
1.406961081669999E9,80.19407385670875
1.40696108699562E9,78.0882379641421
1.406961092379017E9,80.19407385670875
1.406961097835722E9,80.19407385670875
1.406961103072314E9,80.19407385670875
1.406961108525765E9,80.19407385670875
1.406961113784141E9,78.0882379641421
1.406961118916951E9,78.0882379641421
1.406961124363671E9,80.19407385670875
1.406961130012557E9,78.0882379641421
1.406961135154491E9,80.19407385670875
1.406961140478865E9,80.2602070689621
1.406961146158943E9,80.19407385670875
1.40696115138368E9,78.0882379641421
1.406961156472361E9,80.2602070689621
1.406961161568905E9,78.0882379641421
1.406961167130106E9,78.0882379641421
1.406961172451246E9,80.2602070689621
1.40696117784105E9,78.0882379641421
1.406961182877251E9,0.0
1.40696118826903E9,4.446705653592922
1.406961193684684E9,2.274736548772909
1.406961199012426E9,0.0
1.40696120447507E9,0.0
1.406961209765296E9,2.274736548772909
1.406961214959824E9,2.1719691048200125
1.406961220198561E9,2.274736548772909
1.40696122552515E9,2.274736548772909
1.406961230927459E9,0.0
1.406961236428029E9,0.0
1.406961241742574E9,4.446705653592922
1.406961247186481E9,0.0
1.406961252621572E9,2.1719691048200125
1.4069612579793E9,2.274736548772909
1.406961263509655E9,0.0
1.406961268963352E9,2.274736548772909
1.406961274169843E9,2.274736548772909
1.406961279522458E9,4.446705653592922
1.406961284761986E9,0.0
1.406961290121E9,2.274736548772909
1.406961295900987E9,4.446705653592922
1.406961301573665E9,2.274736548772909
1.406961306686363E9,0.0
1.406961312181821E9,4.446705653592922
1.406961317718421E9,2.274736548772909
1.406961322945367E9,0.0
1.406961328155405E9,4.446705653592922
1.406961333670962E9,2.274736548772909
1.4069613388658E9,2.274736548772909
1.40696134408433E9,2.1719691048200125
1.406961349327087E9,0.0
1.406961354784597E9,2.274736548772909
1.406961360289741E9,2.1719691048200125
1.406961365335161E9,2.274736548772909
1.406961370626663E9,0.0
1.40696137577294E9,4.446705653592922
1.40696138145409E9,2.274736548772909
1.406961387172851E9,0.0
1.406961392628234E9,0.0
1.406961397717597E9,2.274736548772909
1.406961402816078E9,2.274736548772909
1.406961408026902E9,2.1719691048200125
1.406961412903782E9,2.274736548772909
1.406961418609523E9,4.446705653592922
1.406961423998251E9,0.0
1.40696142922954E9,2.274736548772909
1.406961434778851E9,4.446705653592922
1.406961440593942E9,2.274736548772909
1.406961445812945E9,0.0
1.406961451418102E9,2.1719691048200125
1.40696145686546E9,2.274736548772909
1.406961462446465E9,0.0
1.406961467639764E9,0.0
1.406961473219218E9,2.274736548772909
1.406961478474842E9,4.446705653592922
1.40696148365541E9,0.0
1.406961489619216E9,0.0
1.406961495268655E9,4.446705653592922
1.406961500342039E9,2.274736548772909
1.40696150568056E9,2.1719691048200125
1.406961511086458E9,2.274736548772909
1.406961516497743E9,2.274736548772909
1.406961521787211E9,2.1719691048200125
1.40696152764383E9,0.0
1.40696153311645E9,2.274736548772909
1.406961538403257E9,4.446705653592922
1.406961543598594E9,0.0
1.406961548725153E9,4.446705653592922
1.406961554134495E9,0.0
1.406961559477373E9,0.0
1.406961564953E9,2.274736548772909
1.40696157021934E9,0.0
1.406961575838791E9,2.1719691048200125
1.406961580966147E9,2.274736548772909
1.406961586346975E9,0.0
1.406961591809496E9,2.1719691048200125
1.406961597070096E9,2.274736548772909
1.406961602551552E9,4.446705653592922
1.406961607995935E9,0.0
1.406961613210473E9,2.274736548772909
1.40696161856645E9,2.274736548772909
1.406961624009777E9,0.0
1.406961629583343E9,2.1719691048200125
1.406961634999943E9,2.274736548772909
1.406961640389392E9,2.274736548772909
1.406961645858023E9,0.0
1.406961651117659E9,2.274736548772909
1.406961657803975E9,2.274736548772909
1.406961663563151E9,0.0
1.40696166855509E9,4.446705653592922
1.40696167392982E9,0.0
1.406961679395297E9,0.0
1.406961684920046E9,2.1719691048200125
1.406961689917503E9,0.0
1.406961695452389E9,0.0
1.406961700867739E9,4.446705653592922
1.40696170647848E9,2.274736548772909
1.406961711692831E9,0.0
1.406961717223611E9,2.274736548772909
1.406961722601727E9,2.274736548772909
1.406961728392826E9,2.1719691048200125
1.406961733724156E9,0.0
1.406961738552249E9,2.274736548772909
1.406961744082926E9,2.1719691048200125
1.406961749542458E9,0.0
1.406961754829268E9,2.274736548772909
1.406961760042785E9,2.1719691048200125
1.406961765738448E9,0.0
1.406961770868898E9,2.274736548772909
1.406961776220751E9,2.1719691048200125
1.406961781647336E9,0.0
1.406961787255793E9,2.274736548772909
1.406961792131755E9,2.274736548772909
1.406961797444898E9,0.0
1.406961802812195E9,4.446705653592922
1.406961808257984E9,0.0
1.406961813299276E9,0.0
1.406961818730765E9,4.446705653592922
1.406961824126437E9,0.0
1.406961829566758E9,0.0
1.40696183486897E9,2.274736548772909
1.406961840228831E9,0.0
1.406961845723821E9,2.1719691048200125
1.406961851039359E9,2.274736548772909
1.406961856193191E9,2.274736548772909
1.406961861423416E9,2.1719691048200125
1.406961866996716E9,2.274736548772909
1.406961872249744E9,0.0
1.406961877617275E9,2.1719691048200125
1.406961882926821E9,2.274736548772909
1.406961888301409E9,0.0
1.406961893533797E9,0.0
1.406961898898134E9,2.274736548772909
1.40696190456366E9,4.446705653592922
1.406961909682436E9,0.0
1.406961914836971E9,2.274736548772909
1.406961920133627E9,2.1719691048200125
1.406961925511032E9,0.0
1.406961930796097E9,2.274736548772909
1.406961936262838E9,2.1719691048200125
1.406961941725482E9,0.0
1.406961947041496E9,2.274736548772909
1.406961952156745E9,2.1719691048200125
1.406961957252125E9,2.274736548772909
1.406961962753567E9,4.446705653592922
1.406961968420163E9,2.274736548772909
1.406961973864795E9,0.0
1.406961978962331E9,4.446705653592922
1.40696198472261E9,2.274736548772909
1.40696199038474E9,0.0
1.406961995235734E9,2.274736548772909
1.406962000510287E9,2.1719691048200125
1.406962006053124E9,2.274736548772909
1.406962012096452E9,2.274736548772909
1.406962017089967E9,4.446705653592922
1.406962022089312E9,2.274736548772909
1.406962027425475E9,2.274736548772909
1.406962033445446E9,2.1719691048200125
1.406962038863439E9,0.0
1.406962043989923E9,2.274736548772909
1.40696204940694E9,2.1719691048200125
1.406962054912949E9,0.0
1.406962060072625E9,4.446705653592922
1.406962065481254E9,2.274736548772909
1.406962070932999E9,2.274736548772909
1.406962076235072E9,4.446705653592922
1.406962081295985E9,0.0
1.406962086472708E9,2.274736548772909
1.406962091957913E9,4.446705653592922
1.40696209737484E9,2.274736548772909
1.406962102605772E9,0.0
1.4069621079844E9,4.446705653592922
1.406962113166455E9,0.0
1.406962118413563E9,2.274736548772909
1.406962124157227E9,2.274736548772909
1.406962129632058E9,2.274736548772909
1.406962134447224E9,2.1719691048200125
1.406962139696843E9,2.274736548772909
1.406962145035592E9,0.0
1.406962150438928E9,2.1719691048200125
1.40696215563223E9,2.274736548772909
1.40696216116296E9,0.0
1.406962166610647E9,2.1719691048200125
1.406962172042032E9,2.274736548772909
1.406962177209652E9,0.0
1.406962182792028E9,0.0
1.406962188337016E9,2.274736548772909
1.406962193575547E9,4.446705653592922
1.406962198788828E9,0.0
1.406962204507533E9,0.0
1.406962209851197E9,4.446705653592922
1.406962215246364E9,0.0
1.406962220423044E9,2.274736548772909
1.406962225958536E9,2.1719691048200125
1.406962231237197E9,2.274736548772909
1.406962236437973E9,2.274736548772909
1.406962241596424E9,2.1719691048200125
1.406962246999905E9,2.274736548772909
1.406962252616839E9,2.274736548772909
1.406962257992123E9,2.1719691048200125
1.406962263176796E9,2.274736548772909
1.406962268653049E9,4.446705653592922
1.406962274230668E9,0.0
1.406962279686621E9,0.0
1.406962285605723E9,0.0
1.406962291187173E9,0.0
1.406962296175603E9,2.274736548772909
1.406962301542179E9,0.0
1.406962306861971E9,2.274736548772909
1.406962312314022E9,2.1719691048200125
1.406962317467058E9,0.0
1.406962322904592E9,4.446705653592922
1.40696232857123E9,2.274736548772909
1.406962334127853E9,0.0
1.406962339149481E9,0.0
1.406962344496705E9,2.274736548772909
1.406962349849461E9,2.1719691048200125
1.406962355228985E9,2.274736548772909
1.406962360606446E9,2.1719691048200125
1.406962365878855E9,2.274736548772909
1.406962370894291E9,0.0
1.406962377900261E9,2.274736548772909
1.406962383698725E9,0.0
1.40696238916663E9,2.274736548772909
1.40696239402248E9,0.0
1.406962399648479E9,2.1719691048200125
1.406962404830743E9,0.0
1.406962410366857E9,2.274736548772909
1.406962415750694E9,2.274736548772909
1.406962421318959E9,2.274736548772909
1.406962426753023E9,4.446705653592922
1.406962431980063E9,0.0
1.406962437028606E9,2.274736548772909
1.406962442434674E9,2.274736548772909
1.406962447864504E9,0.0
1.406962453468103E9,2.274736548772909
1.406962459230205E9,2.274736548772909
1.406962464175063E9,2.274736548772909
1.406962469657609E9,2.1719691048200125
1.406962474950239E9,2.274736548772909
1.406962480175784E9,0.0
1.40696248546637E9,2.1719691048200125
1.406962490825856E9,2.274736548772909
1.406962495942439E9,0.0
1.406962501324254E9,4.446705653592922
1.406962506621318E9,2.274736548772909
1.406962511840027E9,0.0
1.406962517356356E9,4.446705653592922
1.406962523030145E9,2.274736548772909
1.406962528024342E9,2.1719691048200125
1.406962533441945E9,0.0
1.406962538756817E9,2.274736548772909
1.406962543912662E9,2.1719691048200125
1.406962549341791E9,2.274736548772909
1.406962554873263E9,4.446705653592922
1.406962560201825E9,0.0
1.406962565596669E9,0.0
1.406962570962025E9,4.446705653592922
1.406962576033754E9,0.0
1.406962581249969E9,2.274736548772909
1.406962586526584E9,4.446705653592922
1.40696259160267E9,0.0
1.406962597059839E9,2.274736548772909
1.406962602502417E9,2.274736548772909
1.406962607866005E9,0.0
1.40696261330314E9,2.274736548772909
1.406962618856884E9,2.274736548772909
1.406962624237194E9,0.0
1.406962629320648E9,4.446705653592922
1.406962634859628E9,2.274736548772909
1.406962640224478E9,0.0
1.406962645410834E9,0.0
1.406962650919819E9,0.0
1.406962656231997E9,0.0
1.406962661574548E9,0.0
1.406962666761017E9,2.274736548772909
1.406962671634351E9,2.1719691048200125
1.406962677136105E9,2.274736548772909
1.406962682764732E9,2.274736548772909
1.406962688093418E9,2.1719691048200125
1.406962693337998E9,2.274736548772909
1.406962698929615E9,2.274736548772909
1.406962704283955E9,0.0
1.406962709561416E9,0.0
1.406962715208542E9,2.274736548772909
1.406962720353823E9,0.0
1.406962725902017E9,4.446705653592922
1.406962730905203E9,0.0
1.406962736328758E9,2.274736548772909
1.40696274157977E9,2.1719691048200125
1.406962746933298E9,2.274736548772909
1.40696275239602E9,0.0
1.406962757794499E9,4.446705653592922
1.406962763007979E9,0.0
1.40696276829454E9,2.274736548772909
1.406962774739832E9,2.274736548772909
1.406962779984697E9,0.0
1.406962785489791E9,0.0
1.406962790397716E9,2.274736548772909
1.40696279571323E9,2.274736548772909
1.406962801519739E9,0.0
1.406962806880947E9,2.274736548772909
1.406962812358224E9,2.1719691048200125
1.406962817473565E9,0.0
1.406962823054071E9,4.446705653592922
1.406962828962396E9,2.274736548772909
1.406962834199777E9,4.446705653592922
1.406962839555571E9,0.0
1.40696284501835E9,2.274736548772909
1.40696285038294E9,2.1719691048200125
1.406962855599895E9,0.0
1.406962862290141E9,2.1719691048200125
1.406962867429602E9,0.0
1.406962872585753E9,2.274736548772909
1.406962878550865E9,0.0
1.406962884219036E9,4.446705653592922
1.406962892336353E9,2.274736548772909
1.406962897956816E9,0.0
1.406962903769786E9,2.1719691048200125
1.406962908915058E9,2.274736548772909
1.406962914091567E9,0.0
1.406962920189669E9,2.1719691048200125
1.406962925277324E9,0.0
1.406962930551042E9,2.274736548772909
1.406962935772644E9,2.1719691048200125
1.406962940997083E9,2.274736548772909
1.406962946712883E9,4.446705653592922
1.406962952151426E9,0.0
1.40696295742574E9,0.0
1.406962962635646E9,2.274736548772909
1.406962968044746E9,0.0
1.406962973410275E9,2.1719691048200125
1.406962978552708E9,2.274736548772909
1.406962984122726E9,0.0
1.406962989731337E9,2.274736548772909
1.40696299506993E9,0.0
1.406963000125629E9,2.274736548772909
1.406963005462233E9,2.274736548772909
1.406963010390531E9,0.0
1.406963016084782E9,2.274736548772909
1.40696302160857E9,2.274736548772909
1.406963027122206E9,0.0
1.406963032127931E9,2.274736548772909
1.406963037354157E9,0.0
1.406963042502491E9,2.1719691048200125
1.406963048639117E9,0.0
1.40696305385266E9,2.274736548772909
1.406963059103161E9,0.0
1.406963064243817E9,2.274736548772909
1.406963070159586E9,4.446705653592922
1.406963075358917E9,2.274736548772909
1.406963080615662E9,2.1719691048200125
1.406963086284283E9,2.274736548772909
1.406963092154806E9,2.274736548772909
1.406963097026918E9,2.1719691048200125
1.406963102031686E9,2.274736548772909
1.406963108006551E9,4.446705653592922
1.406963113969297E9,2.274736548772909
1.406963119498759E9,4.446705653592922
1.406963124763234E9,0.0
1.406963130008768E9,2.274736548772909
1.406963135473539E9,2.274736548772909
1.406963140390559E9,0.0
1.40696314580558E9,2.274736548772909
1.406963151279047E9,2.1719691048200125
1.406963156875598E9,2.274736548772909
1.406963162103045E9,242.3280650967194
1.406963167411883E9,95.00095081701531
1.406963172610465E9,90.72317653388961
1.406963177722741E9,92.8289817121953
1.406963183713965E9,94.93478177145748
1.406963189015118E9,94.93478177145748
1.406963193952123E9,92.8289817121953
1.406963199377406E9,94.93478177145748
1.406963204934245E9,94.93478177145748
1.406963210279223E9,97.10675087627749
1.406963215763283E9,94.93478177145748
1.406963221025804E9,92.8289817121953
1.406963226340727E9,95.00095081701531
1.406963232133559E9,90.72317653388961
1.406963237572121E9,88.61736623654045
1.406963243055314E9,88.61736623654045
1.406963248040724E9,88.61736623654045
1.406963253379764E9,88.68351992496777
1.406963258592057E9,86.51155082014776
1.406963264022792E9,86.51155082014776
1.406963269446094E9,86.51155082014776
1.406963274673439E9,84.40573028471158
1.406963280005202E9,86.57769938953159
1.406963285642003E9,82.29990463023192
1.406963291534387E9,84.47187373505193
1.406963296382114E9,84.40573028471158
1.406963301727448E9,82.29990463023192
1.406963307262103E9,82.29990463023192
1.40696331277108E9,82.29990463023192
1.406963317795011E9,82.29990463023192
1.406963323188702E9,84.47187373505193
1.406963328255452E9,82.29990463023192
1.406963333524547E9,84.47187373505193
1.406963338814246E9,82.36604296152876
1.406963344054121E9,82.29990463023192
1.406963349320781E9,82.29990463023192
1.406963354717703E9,82.29990463023192
1.406963360289444E9,80.19407385670875
1.406963365760001E9,84.47187373505193
1.406963370786364E9,80.19407385670875
1.406963376007109E9,82.29990463023192
1.406963381267652E9,80.19407385670875
1.406963386884725E9,82.29990463023192
1.406963392199482E9,82.29990463023192
1.406963397318275E9,84.47187373505193
1.406963402555359E9,80.19407385670875
1.406963407776439E9,80.19407385670875
1.406963413194354E9,84.47187373505193
1.406963418392754E9,82.29990463023192
1.406963424505036E9,84.47187373505193
1.406963429646689E9,80.19407385670875
1.406963435281597E9,82.29990463023192
1.406963440485946E9,82.29990463023192
1.406963446048377E9,82.29990463023192
1.406963451581711E9,82.29990463023192
1.406963456854392E9,82.29990463023192
1.406963461806654E9,82.29990463023192
1.40696346723801E9,84.47187373505193
1.406963472515839E9,82.29990463023192
1.406963478031682E9,82.29990463023192
1.406963483485929E9,84.47187373505193
1.406963488950825E9,82.29990463023192
1.406963494239308E9,82.29990463023192
1.406963499688755E9,82.29990463023192
1.406963504998111E9,82.29990463023192
1.406963510309445E9,86.57769938953159
1.406963515773276E9,82.29990463023192
1.406963521452005E9,84.40573028471158
1.406963526801386E9,82.29990463023192
1.406963531848368E9,84.40573028471158
1.40696353704691E9,84.40573028471158
1.40696354257219E9,82.29990463023192
1.406963547927759E9,82.29990463023192
1.406963553237279E9,82.29990463023192
1.406963558087411E9,84.47187373505193
1.406963563979089E9,82.29990463023192
1.406963569767843E9,84.47187373505193
1.406963575312354E9,82.29990463023192
1.406963580375857E9,84.47187373505193
1.406963585342464E9,82.29990463023192
1.406963591137892E9,82.29990463023192
1.406963596931908E9,82.36604296152876
1.406963602163247E9,80.19407385670875
1.406963607428222E9,80.19407385670875
1.406963614057921E9,82.29990463023192
1.406963619417458E9,82.36604296152876
1.4069636245726E9,80.19407385670875
1.406963629866463E9,80.19407385670875
1.40696363534212E9,82.36604296152876
1.406963640920486E9,80.19407385670875
1.406963646332179E9,80.19407385670875
1.406963651802827E9,80.19407385670875
1.406963657075374E9,80.19407385670875
1.406963663615833E9,80.19407385670875
1.406963669154387E9,78.0882379641421
1.406963674791553E9,80.19407385670875
1.406963680013965E9,80.19407385670875
1.406963684939872E9,82.36604296152876
1.406963690374727E9,80.19407385670875
1.406963695681985E9,80.19407385670875
1.406963701379192E9,82.36604296152876
1.406963706972017E9,80.19407385670875
1.406963712098535E9,78.0882379641421
1.406963717302849E9,80.2602070689621
1.406963722834836E9,80.19407385670875
1.406963727832066E9,78.0882379641421
1.406963733212968E9,78.0882379641421
1.406963738645461E9,78.0882379641421
1.406963743939382E9,80.2602070689621
1.406963749045262E9,78.0882379641421
1.406963754315768E9,78.0882379641421
1.40696375963666E9,82.36604296152876
1.406963765343276E9,80.19407385670875
1.406963770353633E9,82.36604296152876
1.406963775611354E9,78.0882379641421
1.406963781050822E9,78.0882379641421
1.406963786865543E9,80.2602070689621
1.406963792164247E9,78.0882379641421
1.406963797330637E9,78.0882379641421
1.406963802585998E9,78.0882379641421
1.4069638079376E9,0.0
1.406963813025131E9,2.274736548772909
1.406963817958557E9,0.0
1.406963822990971E9,4.446705653592922
1.406963829065855E9,2.274736548772909
1.406963834375151E9,4.446705653592922
1.406963839570835E9,0.0
1.406963844922186E9,2.274736548772909
1.406963850247915E9,0.0
1.406963855885494E9,2.274736548772909
1.406963860895059E9,0.0
1.40696386627772E9,2.274736548772909
1.406963871907146E9,2.274736548772909
1.406963877606836E9,2.274736548772909
1.406963882972605E9,2.1719691048200125
1.406963888235927E9,2.274736548772909
1.406963893967891E9,2.1719691048200125
1.406963899173739E9,2.274736548772909
1.406963904319787E9,2.274736548772909
1.406963909648913E9,2.1719691048200125
1.406963915065607E9,2.274736548772909
1.406963920699283E9,2.274736548772909
1.406963926249855E9,2.1719691048200125
1.406963931366389E9,2.274736548772909
1.406963936559866E9,2.274736548772909
1.406963942250768E9,2.1719691048200125
1.406963947394254E9,0.0
1.406963952548454E9,2.274736548772909
1.406963957858712E9,2.1719691048200125
1.406963963519638E9,0.0
1.406963968777015E9,4.446705653592922
1.406963973795E9,0.0
1.406963979159479E9,2.274736548772909
1.406963984886034E9,2.274736548772909
1.406963989884284E9,0.0
1.406963995191706E9,2.274736548772909
1.406964000368531E9,4.446705653592922
1.406964005771821E9,0.0
1.406964011278568E9,2.274736548772909
1.406964016470215E9,2.274736548772909
1.406964021869757E9,0.0
1.406964026857871E9,4.446705653592922
1.406964032284779E9,0.0
1.406964037553113E9,2.1719691048200125
1.406964043138885E9,2.274736548772909
1.406964048821698E9,2.274736548772909
1.406964054089279E9,2.1719691048200125
1.4069640592456E9,0.0
1.406964065322415E9,0.0
1.406964070506652E9,0.0
1.406964075493833E9,2.274736548772909
1.406964080890056E9,2.1719691048200125
1.40696408632547E9,2.274736548772909
1.406964092194767E9,4.446705653592922
1.406964097216318E9,2.274736548772909
1.406964102619071E9,0.0
1.406964108134536E9,2.274736548772909
1.406964114423319E9,2.274736548772909
1.406964119505511E9,2.274736548772909
1.406964124506083E9,0.0
1.406964129845844E9,4.446705653592922
1.40696413578545E9,2.274736548772909
1.406964141023981E9,2.1719691048200125
1.40696414625656E9,2.274736548772909
1.406964151489358E9,2.274736548772909
1.406964157052627E9,2.1719691048200125
1.406964162557157E9,0.0
1.406964167669797E9,2.274736548772909
1.406964172755008E9,2.1719691048200125
1.406964178071077E9,2.274736548772909
1.40696418322384E9,0.0
1.406964188738652E9,2.1719691048200125
1.406964193842149E9,2.274736548772909
1.406964199257743E9,0.0
1.406964204630181E9,2.1719691048200125
1.406964210065116E9,2.274736548772909
1.406964215632713E9,4.446705653592922
1.406964220453103E9,0.0
1.406964226247673E9,2.274736548772909
1.406964231979166E9,4.446705653592922
1.406964237056867E9,0.0
1.406964242263378E9,0.0
1.406964248253827E9,2.1719691048200125
1.406964253883638E9,0.0
1.406964259014143E9,4.446705653592922
1.406964264192636E9,0.0
1.406964269735259E9,0.0
1.406964275471841E9,0.0
1.406964280374537E9,2.274736548772909
1.406964285554076E9,2.1719691048200125
1.406964291219998E9,2.274736548772909
1.40696429705009E9,4.446705653592922
1.40696430190146E9,0.0
1.40696430738008E9,2.274736548772909
1.406964313012622E9,4.446705653592922
1.406964318598252E9,2.274736548772909
1.406964324020892E9,0.0
1.406964328961163E9,2.274736548772909
1.406964334420899E9,0.0
1.40696433968194E9,2.1719691048200125
1.406964344984781E9,0.0
1.406964350006307E9,0.0
1.406964355690997E9,4.446705653592922
1.406964361253663E9,0.0
1.406964366293008E9,2.274736548772909
1.406964371249383E9,2.274736548772909
1.406964376694037E9,0.0
1.40696438193078E9,2.1719691048200125
1.40696438739014E9,2.274736548772909
1.406964392867225E9,4.446705653592922
1.406964398305787E9,0.0
1.406964403802996E9,0.0
1.406964410315823E9,0.0
1.406964415863492E9,2.1719691048200125
1.406964421757798E9,0.0
1.406964427143533E9,2.274736548772909
1.406964431986582E9,2.1719691048200125
1.406964437493542E9,0.0
1.406964442936973E9,4.446705653592922
1.406964448360125E9,0.0
1.406964453775227E9,2.274736548772909
1.406964459021389E9,0.0
1.406964464460246E9,0.0
1.406964470351666E9,4.446705653592922
1.406964475592109E9,2.274736548772909
1.406964480919764E9,2.1719691048200125
1.406964486366657E9,2.274736548772909
1.406964491618982E9,4.446705653592922
1.406964496737518E9,0.0
1.406964502010911E9,2.274736548772909
1.40696450740073E9,4.446705653592922
1.406964512697285E9,0.0
1.406964517962686E9,2.274736548772909
1.40696452320633E9,2.1719691048200125
1.406964528689569E9,0.0
1.406964534222771E9,4.446705653592922
1.406964539552964E9,2.274736548772909
1.4069645443995E9,0.0
1.406964550001048E9,4.446705653592922
1.406964555989972E9,2.274736548772909
1.406964561190105E9,2.274736548772909
1.406964566242587E9,2.274736548772909
1.406964572004812E9,0.0
1.406964577754789E9,0.0
1.406964582653233E9,2.274736548772909
1.406964588111093E9,0.0
1.406964593400875E9,4.446705653592922
1.406964599418718E9,2.274736548772909
1.406964604508769E9,2.274736548772909
1.406964609784582E9,0.0
1.406964615289232E9,2.274736548772909
1.40696462085133E9,2.274736548772909
1.406964625990016E9,0.0
1.406964631173529E9,2.1719691048200125
1.406964636433809E9,0.0
1.40696464186559E9,2.274736548772909
1.406964647153816E9,2.1719691048200125
1.406964652424706E9,2.274736548772909
1.406964657900277E9,0.0
1.406964663383223E9,2.274736548772909
1.406964668794353E9,2.274736548772909
1.406964674174728E9,2.1719691048200125
1.406964679619678E9,0.0
1.406964685312055E9,4.446705653592922
1.406964690405678E9,2.274736548772909
1.406964695838144E9,0.0
1.406964701549789E9,4.446705653592922
1.406964706606148E9,0.0
1.406964711958774E9,2.274736548772909
1.406964717606599E9,2.1719691048200125
1.40696472317726E9,0.0
1.40696472800324E9,0.0
1.406964733408806E9,2.1719691048200125
1.406964738741598E9,2.274736548772909
1.406964744104106E9,0.0
1.40696474945186E9,0.0
1.406964754606701E9,2.274736548772909
1.40696475974606E9,0.0
1.406964765193633E9,4.446705653592922
1.40696477083798E9,2.274736548772909
1.406964775726358E9,2.1719691048200125
1.406964781148018E9,2.274736548772909
1.406964787050885E9,2.274736548772909
1.406964792486431E9,2.274736548772909
1.406964797346687E9,0.0
1.406964802877025E9,2.274736548772909
1.406964808778353E9,0.0
1.406964814258386E9,2.274736548772909
1.406964819142663E9,2.1719691048200125
1.406964824381167E9,2.274736548772909
1.406964829667037E9,4.446705653592922
1.406964834802778E9,0.0
1.406964840250039E9,2.274736548772909
1.40696484554557E9,4.446705653592922
1.406964851078194E9,0.0
1.40696485618958E9,0.0
1.40696486215514E9,2.274736548772909
1.406964867410944E9,2.274736548772909
1.406964872630657E9,2.1719691048200125
1.406964878045021E9,0.0
1.406964883236398E9,2.274736548772909
1.40696488849805E9,2.274736548772909
1.406964893620753E9,0.0
1.406964898875328E9,4.446705653592922
1.406964903750426E9,0.0
1.40696490920164E9,2.274736548772909
1.406964914931747E9,4.446705653592922
1.406964920302618E9,0.0
1.40696492521229E9,0.0
1.406964930730168E9,2.274736548772909
1.406964936332692E9,0.0
1.406964942232613E9,4.446705653592922
1.406964947381085E9,2.274736548772909
1.406964952641549E9,2.1719691048200125
1.406964957953114E9,2.274736548772909
1.406964963270791E9,0.0
1.406964968751496E9,2.1719691048200125
1.406964974242649E9,2.274736548772909
1.406964979697477E9,4.446705653592922
1.406964984966982E9,0.0
1.406964990240748E9,2.274736548772909
1.406964995489577E9,4.446705653592922
1.406965000753108E9,0.0
1.406965006496425E9,0.0
1.40696501174453E9,2.274736548772909
1.406965017494328E9,0.0
1.406965022983905E9,0.0
1.40696502788113E9,2.274736548772909
1.406965033448787E9,2.274736548772909
1.406965039068766E9,0.0
1.406965044305645E9,2.274736548772909
1.40696504963713E9,4.446705653592922
1.406965054818177E9,0.0
1.406965059924754E9,2.274736548772909
1.406965065201491E9,2.1719691048200125
1.406965070709805E9,0.0
1.406965076044372E9,2.274736548772909
1.406965081464175E9,0.0
1.406965086870222E9,0.0
1.406965092165045E9,4.446705653592922
1.406965097249107E9,2.274736548772909
1.406965102465583E9,2.1719691048200125
1.406965108076648E9,4.446705653592922
1.406965113477299E9,2.274736548772909
1.406965118813805E9,2.1719691048200125
1.406965123920303E9,2.274736548772909
1.406965129207752E9,0.0
1.406965134311028E9,4.446705653592922
1.406965139821009E9,2.274736548772909
1.406965145372743E9,0.0
1.406965150910636E9,0.0
1.406965156388843E9,2.274736548772909
1.406965161747458E9,0.0
1.406965167149813E9,2.274736548772909
1.4069651723877E9,0.0
1.406965177893603E9,0.0
1.406965183381867E9,2.274736548772909
1.406965188623039E9,2.274736548772909
1.406965194202577E9,0.0
1.406965199563521E9,2.1719691048200125
1.406965205087741E9,2.274736548772909
1.406965209931533E9,2.1719691048200125
1.406965215338545E9,2.274736548772909
1.406965220703343E9,2.274736548772909
1.406965226057018E9,0.0
1.406965231234579E9,0.0
1.406965236450154E9,0.0
1.406965241902016E9,4.446705653592922
1.406965247057188E9,0.0
1.406965252338763E9,2.274736548772909
1.406965257691135E9,2.274736548772909
1.406965263252272E9,0.0
1.406965268605211E9,2.1719691048200125
1.40696527407181E9,2.274736548772909
1.406965279411362E9,0.0
1.406965285053382E9,2.1719691048200125
1.406965290568479E9,0.0
1.40696529550751E9,2.274736548772909
1.406965300978562E9,2.1719691048200125
1.40696530655401E9,0.0
1.406965311983318E9,2.1719691048200125
1.406965317023213E9,2.274736548772909
1.406965322305135E9,0.0
1.40696532783027E9,0.0
1.40696533316827E9,2.274736548772909
1.406965338313963E9,0.0
1.406965343648843E9,0.0
1.406965349017477E9,2.274736548772909
1.406965353997705E9,0.0
1.406965359178891E9,4.446705653592922
1.40696536500708E9,2.274736548772909
1.40696537045975E9,2.274736548772909
1.406965375853233E9,2.274736548772909
1.406965383614046E9,2.274736548772909
1.406965389368855E9,0.0
1.406965394648171E9,2.1719691048200125
1.406965399821806E9,2.274736548772909
1.406965405355923E9,0.0
1.406965411131958E9,2.1719691048200125
1.406965416487424E9,0.0
1.406965421799444E9,4.446705653592922
1.406965426828386E9,4.446705653592922
1.406965432255587E9,0.0
1.406965438000704E9,2.1719691048200125
1.406965443521221E9,0.0
1.406965448686592E9,2.274736548772909
1.406965453941971E9,0.0
1.406965459429889E9,2.274736548772909
1.406965464739379E9,2.274736548772909
1.406965470111021E9,2.1719691048200125
1.406965475454622E9,2.274736548772909
1.406965481397105E9,4.446705653592922
1.406965486947446E9,2.274736548772909
1.406965491757962E9,0.0
1.406965496772468E9,4.446705653592922
1.406965503076203E9,0.0
1.406965508879029E9,2.1719691048200125
1.406965514012501E9,2.274736548772909
1.406965519166036E9,0.0
1.406965525305938E9,0.0
1.406965530333007E9,0.0
1.406965535547555E9,4.446705653592922
1.406965540768962E9,0.0
1.406965546212791E9,2.274736548772909
1.406965551712202E9,2.274736548772909
1.406965557031852E9,2.274736548772909
1.4069655621542E9,0.0
1.406965567892335E9,0.0
1.406965573456708E9,2.274736548772909
1.406965578703422E9,2.274736548772909
1.406965584097976E9,0.0
1.406965590794098E9,2.274736548772909
1.406965596268077E9,0.0
1.406965601494586E9,2.1719691048200125
1.40696560671884E9,2.274736548772909
1.406965612017686E9,0.0
1.40696561846309E9,2.274736548772909
1.406965623704046E9,2.274736548772909
1.406965628829314E9,2.1719691048200125
1.406965634157108E9,2.274736548772909
1.406965639815702E9,2.274736548772909
1.406965645098719E9,2.1719691048200125
1.406965650634927E9,0.0
1.40696565589995E9,4.446705653592922
1.406965661307672E9,0.0
1.406965666601346E9,0.0
1.406965671711013E9,4.446705653592922
1.406965676814566E9,0.0
1.406965682627725E9,2.274736548772909
1.406965688182558E9,2.274736548772909
1.406965693585257E9,2.274736548772909
1.406965698725621E9,0.0
1.406965703625021E9,0.0
1.406965709028909E9,2.274736548772909
1.406965714334396E9,2.1719691048200125
1.40696571993869E9,0.0
1.406965725027231E9,4.446705653592922
1.406965730184859E9,0.0
1.406965735301108E9,2.274736548772909
1.406965740822192E9,4.446705653592922
1.406965746433256E9,0.0
1.406965751640103E9,2.1719691048200125
1.406965757267184E9,0.0
1.406965762401651E9,92.8289817121953
1.406965767717785E9,92.89514563870962
1.406965772983114E9,92.8289817121953
1.406965778347355E9,94.93478177145748
1.406965783216098E9,94.93478177145748
1.406965788834873E9,94.93478177145748
1.406965794178922E9,94.93478177145748
1.406965800073032E9,94.93478177145748
1.406965805197515E9,92.8289817121953
1.406965810558368E9,92.8289817121953
1.406965816077915E9,92.8289817121953
1.40696582127046E9,92.8289817121953
1.406965826514734E9,92.89514563870962
1.406965831724494E9,88.61736623654045
1.406965837140143E9,88.61736623654045
1.406965842415483E9,88.68351992496777
1.406965847336894E9,86.51155082014776
1.406965852878653E9,86.51155082014776
1.406965858477991E9,88.68351992496777
1.406965864231888E9,84.40573028471158
1.406965869415994E9,84.40573028471158
1.406965874868561E9,84.40573028471158
1.406965880312974E9,82.29990463023192
1.406965885396374E9,86.57769938953159
1.406965890855151E9,84.40573028471158
1.406965896019286E9,82.29990463023192
1.406965901689531E9,82.29990463023192
1.406965906807978E9,82.29990463023192
1.406965912325926E9,84.47187373505193
1.406965917782512E9,82.29990463023192
1.406965923288329E9,84.47187373505193
1.40696592822322E9,80.19407385670875
1.406965933593823E9,82.29990463023192
1.406965939110114E9,82.29990463023192
1.406965944690043E9,82.29990463023192
1.406965950028587E9,84.47187373505193
1.406965954852918E9,80.19407385670875
1.40696596027348E9,80.19407385670875
1.406965965966651E9,84.47187373505193
1.406965971137912E9,82.29990463023192
1.406965976420337E9,82.29990463023192
1.406965981858827E9,80.19407385670875
1.406965987813454E9,82.29990463023192
1.406965993012196E9,82.36604296152876
1.406965998138746E9,82.29990463023192
1.406966003224264E9,80.19407385670875
1.40696600866783E9,84.47187373505193
1.406966014400453E9,82.29990463023192
1.406966019813993E9,82.29990463023192
1.40696602493225E9,80.19407385670875
1.406966030325198E9,80.19407385670875
1.406966035882562E9,84.47187373505193
1.406966040813838E9,82.29990463023192
1.406966046055673E9,82.29990463023192
1.406966051224414E9,84.47187373505193
1.406966057147467E9,82.29990463023192
1.40696606250414E9,82.36604296152876
1.406966067413584E9,82.29990463023192
1.406966072887016E9,82.29990463023192
1.406966078109972E9,84.47187373505193
1.406966083612558E9,82.29990463023192
1.406966088994114E9,82.29990463023192
1.406966094725541E9,82.29990463023192
1.406966099996878E9,84.40573028471158
1.406966105480634E9,82.29990463023192
1.406966110396378E9,82.29990463023192
1.406966115697007E9,82.29990463023192
1.406966121124471E9,84.47187373505193
1.406966126610354E9,82.29990463023192
1.406966131499179E9,82.29990463023192
1.406966136499594E9,84.47187373505193
1.40696614173357E9,82.29990463023192
1.4069661469949E9,82.29990463023192
1.406966152534961E9,84.47187373505193
1.406966157546702E9,82.29990463023192
1.406966162850532E9,80.19407385670875
1.406966168692327E9,82.36604296152876
1.40696617391858E9,82.29990463023192
1.406966179261225E9,80.19407385670875
1.406966184653959E9,80.19407385670875
1.406966190439611E9,80.19407385670875
1.406966195989716E9,82.36604296152876
1.406966202735995E9,80.19407385670875
1.406966208144393E9,80.19407385670875
1.406966213513692E9,80.19407385670875
1.406966218832809E9,82.36604296152876
1.406966224169987E9,80.19407385670875
1.406966229648658E9,80.19407385670875
1.406966234803545E9,78.0882379641421
1.406966240015245E9,80.19407385670875
1.406966245288054E9,78.0882379641421
1.406966250448551E9,80.2602070689621
1.406966255545024E9,78.0882379641421
1.406966260965622E9,80.2602070689621
1.406966266654164E9,78.0882379641421
1.406966272242188E9,78.0882379641421
1.406966277565306E9,78.0882379641421
1.406966283058779E9,78.0882379641421
1.40696628820646E9,80.2602070689621
1.40696629343175E9,78.0882379641421
1.406966298322548E9,78.0882379641421
1.406966303770051E9,80.2602070689621
1.406966309176623E9,78.0882379641421
1.406966314886393E9,78.0882379641421
1.406966320168532E9,78.15436605735194
1.406966325511178E9,78.0882379641421
1.406966330656496E9,78.0882379641421
1.406966335874677E9,80.2602070689621
1.40696634120228E9,78.0882379641421
1.406966346366742E9,78.0882379641421
1.406966351581188E9,80.2602070689621
1.406966356982969E9,78.0882379641421
1.406966362461268E9,54.92370528903794
1.40696636777722E9,2.1719691048200125
1.406966373248216E9,2.274736548772909
1.406966378691787E9,2.274736548772909
1.406966384084314E9,2.1719691048200125
1.406966389240897E9,2.274736548772909
1.406966394404307E9,0.0
1.406966399749432E9,0.0
1.406966405131936E9,2.274736548772909
1.40696641053408E9,2.1719691048200125
1.406966415708539E9,2.274736548772909
1.406966421053532E9,0.0
1.406966426421925E9,4.446705653592922
1.406966431840466E9,2.274736548772909
1.406966437011822E9,0.0
1.406966442517105E9,2.274736548772909
1.406966447910821E9,0.0
1.406966453234468E9,2.274736548772909
1.406966458284767E9,2.274736548772909
1.406966463728503E9,0.0
1.406966469370648E9,2.274736548772909
1.406966476019068E9,0.0
1.406966481240802E9,2.1719691048200125
1.406966486514903E9,2.274736548772909
1.406966491835533E9,0.0
1.40696649722378E9,2.1719691048200125
1.406966502712564E9,0.0
1.406966508003079E9,2.274736548772909
1.40696651327856E9,2.1719691048200125
1.406966518782042E9,0.0
1.4069665240958E9,2.274736548772909
1.406966529562338E9,2.1719691048200125
1.406966534753687E9,0.0
1.406966539834907E9,4.446705653592922
1.406966545269051E9,0.0
1.406966550560776E9,0.0
1.406966555805332E9,4.446705653592922
1.406966561019657E9,0.0
1.406966566366917E9,0.0
1.406966571498683E9,2.1719691048200125
1.406966576904426E9,2.274736548772909
1.406966582541819E9,0.0
1.406966588256417E9,2.1719691048200125
1.406966593380239E9,2.274736548772909
1.406966598493058E9,0.0
1.406966603789032E9,4.446705653592922
1.406966609144744E9,0.0
1.406966614296643E9,2.274736548772909
1.406966619392507E9,0.0
1.406966624763357E9,0.0
1.406966630513283E9,0.0
1.406966636450186E9,0.0
1.406966641471507E9,0.0
1.406966646836721E9,4.446705653592922
1.406966652177259E9,0.0
1.40696665762576E9,2.274736548772909
1.406966663213174E9,0.0
1.406966668380119E9,2.274736548772909
1.406966673751413E9,2.274736548772909
1.406966679049919E9,2.1719691048200125
1.406966684598215E9,0.0
1.406966690201664E9,0.0
1.406966695401363E9,4.446705653592922
1.406966700914252E9,2.274736548772909
1.406966706308325E9,0.0
1.406966711664273E9,0.0
1.406966716948532E9,2.274736548772909
1.406966722188993E9,2.1719691048200125
1.406966727458762E9,0.0
1.4069667326232E9,2.274736548772909
1.40696673801108E9,2.1719691048200125
1.406966743274322E9,2.274736548772909
1.406966748869907E9,2.274736548772909
1.406966754269382E9,0.0
1.406966759577337E9,0.0
1.406966764727471E9,4.446705653592922
1.406966769839026E9,0.0
1.406966775169367E9,2.274736548772909
1.406966780517163E9,0.0
1.406966785891965E9,0.0
1.406966791243295E9,2.274736548772909
1.406966796338978E9,4.446705653592922
1.406966801595332E9,0.0
1.406966806947889E9,2.274736548772909
1.406966812566443E9,2.1719691048200125
1.406966817971937E9,0.0
1.406966822796506E9,2.274736548772909
1.406966828418997E9,0.0
1.40696683438411E9,0.0
1.406966839831331E9,2.1719691048200125
1.406966844741165E9,2.274736548772909
1.40696685026529E9,0.0
1.406966855846922E9,0.0
1.40696686106534E9,2.274736548772909
1.406966866317657E9,2.1719691048200125
1.406966871561525E9,2.1719691048200125
1.406966877442083E9,2.274736548772909
1.406966882868731E9,2.274736548772909
1.406966887737807E9,0.0
1.406966893217666E9,2.274736548772909
1.406966898598547E9,2.274736548772909
1.406966904185841E9,0.0
1.406966909225342E9,4.446705653592922
1.406966914844757E9,2.274736548772909
1.40696692031175E9,0.0
1.406966925746981E9,2.274736548772909
1.4069669309656E9,2.274736548772909
1.406966936122072E9,0.0
1.406966941600188E9,0.0
1.406966946973202E9,2.274736548772909
1.406966952245733E9,2.1719691048200125
1.406966957558355E9,2.274736548772909
1.406966963108147E9,2.274736548772909
1.406966968458429E9,2.1719691048200125
1.40696697379308E9,0.0
1.406966979035306E9,4.446705653592922
1.406966984719208E9,2.274736548772909
1.406966990040715E9,0.0
1.406966995294245E9,4.446705653592922
1.406967000464736E9,2.274736548772909
1.406967006061386E9,2.1719691048200125
1.406967011299085E9,2.274736548772909
1.406967016842611E9,0.0
1.406967022488E9,4.446705653592922
1.406967027904063E9,2.274736548772909
1.406967033077875E9,0.0
1.406967038210854E9,4.446705653592922
1.40696704341213E9,0.0
1.40696704927579E9,2.274736548772909
1.406967054697047E9,2.274736548772909
1.406967059878913E9,0.0
1.406967065250854E9,4.446705653592922
1.406967070618929E9,2.274736548772909
1.406967075826166E9,0.0
1.406967081226116E9,4.446705653592922
1.406967086563827E9,2.274736548772909
1.406967092032168E9,2.1719691048200125
1.406967097192456E9,2.274736548772909
1.406967102614414E9,2.274736548772909
1.406967107996991E9,4.446705653592922
1.406967113648271E9,2.274736548772909
1.40696711895965E9,0.0
1.406967124377827E9,2.1719691048200125
1.406967129741058E9,2.274736548772909
1.406967135336877E9,0.0
1.406967140777214E9,2.274736548772909
1.406967146288995E9,0.0
1.40696715198227E9,2.1719691048200125
1.406967157339875E9,2.274736548772909
1.40696716261416E9,4.446705653592922
1.406967167859106E9,0.0
1.406967173614011E9,2.274736548772909
1.406967179023051E9,4.446705653592922
1.406967184102269E9,0.0
1.40696718904191E9,2.274736548772909
1.406967194565753E9,0.0
1.406967199897277E9,0.0
1.406967205128297E9,2.274736548772909
1.406967210633309E9,4.446705653592922
1.406967215935928E9,0.0
1.406967221319933E9,2.274736548772909
1.406967226197586E9,2.1719691048200125
1.406967231701E9,0.0
1.406967237259869E9,2.274736548772909
1.406967242599557E9,2.274736548772909
1.406967248106375E9,0.0
1.40696725324865E9,2.274736548772909
1.406967258610975E9,0.0
1.406967263796329E9,2.274736548772909
1.40696726937142E9,2.1719691048200125
1.406967274841897E9,0.0
1.406967280290467E9,2.1719691048200125
1.406967285440964E9,0.0
1.406967291995438E9,0.0
1.406967297782348E9,2.274736548772909
1.406967302850188E9,0.0
1.406967308208615E9,4.446705653592922
1.406967313515862E9,2.274736548772909
1.406967318600475E9,2.1719691048200125
1.406967323743974E9,2.274736548772909
1.406967328860231E9,0.0
1.406967334310665E9,2.274736548772909
1.406967339739614E9,2.274736548772909
1.406967344841897E9,0.0
1.406967350414942E9,4.446705653592922
1.406967356004205E9,2.274736548772909
1.406967363231075E9,0.0
1.406967368421765E9,2.274736548772909
1.406967373751033E9,2.1719691048200125
1.406967379261583E9,2.274736548772909
1.406967384183862E9,0.0
1.40696739105075E9,2.274736548772909
1.406967396455444E9,0.0
1.406967401877894E9,0.0
1.406967407089404E9,2.274736548772909
1.40696741237729E9,2.274736548772909
1.406967417819597E9,2.274736548772909
1.406967422991757E9,0.0
1.40696742827365E9,2.274736548772909
1.406967435048003E9,2.274736548772909
1.40696744043592E9,2.274736548772909
1.406967445810233E9,2.274736548772909
1.406967451486692E9,2.274736548772909
1.406967456696329E9,2.1719691048200125
1.406967461960349E9,2.274736548772909
1.406967467176746E9,0.0
1.406967472647159E9,2.1719691048200125
1.406967477722536E9,2.274736548772909
1.406967482974301E9,0.0
1.40696748957292E9,0.0
1.4069674949425E9,2.274736548772909
1.406967500215033E9,2.1719691048200125
1.406967505457024E9,0.0
1.406967510817049E9,2.274736548772909
1.406967516363533E9,2.1719691048200125
1.40696752142537E9,2.274736548772909
1.406967526728588E9,2.1719691048200125
1.406967531972354E9,2.274736548772909
1.406967537080577E9,0.0
1.406967542352168E9,0.0
1.406967549091091E9,2.274736548772909
1.406967554524583E9,2.274736548772909
1.40696755973519E9,0.0
1.406967564970094E9,2.274736548772909
1.406967570233232E9,0.0
1.406967575729685E9,2.274736548772909
1.40696758108312E9,0.0
1.406967586253612E9,2.274736548772909
1.406967591693734E9,2.274736548772909
1.406967597543709E9,2.274736548772909
1.406967603178382E9,2.274736548772909
1.406967608462221E9,0.0
1.406967613653467E9,4.446705653592922
1.406967619212468E9,2.274736548772909
1.406967624565911E9,4.446705653592922
1.406967630015275E9,0.0
1.406967635201912E9,2.274736548772909
1.406967640534285E9,4.446705653592922
1.406967645660887E9,0.0
1.406967650957495E9,2.274736548772909
1.406967656660002E9,4.446705653592922
1.406967662442937E9,0.0
1.406967667762549E9,2.1719691048200125
1.406967672660702E9,2.274736548772909
1.40696767791052E9,0.0
1.406967683163836E9,4.446705653592922
1.406967688506001E9,2.274736548772909
1.406967694000907E9,0.0
1.406967699347633E9,2.274736548772909
1.406967704572775E9,2.274736548772909
1.406967709974624E9,2.1719691048200125
1.406967714934053E9,2.274736548772909
1.406967720288416E9,0.0
1.406967725417431E9,4.446705653592922
1.406967731190837E9,2.274736548772909
1.406967736650486E9,4.446705653592922
1.406967741477098E9,0.0
1.406967746818672E9,2.274736548772909
1.406967753360677E9,2.274736548772909
1.406967758480085E9,2.274736548772909
1.406967763487019E9,2.1719691048200125
1.406967768707326E9,2.274736548772909
1.406967774193153E9,0.0
1.406967779423019E9,0.0
1.406967784308622E9,2.1719691048200125
1.406967789933169E9,2.274736548772909
1.406967795271352E9,0.0
1.406967800378326E9,4.446705653592922
1.406967805615383E9,2.274736548772909
1.406967811202414E9,0.0
1.406967816545299E9,4.446705653592922
1.406967822186096E9,2.274736548772909
1.406967827350897E9,0.0
1.406967832434973E9,2.274736548772909
1.406967837775449E9,2.274736548772909
1.406967843139038E9,2.1719691048200125
1.406967848709516E9,0.0
1.406967853897515E9,2.274736548772909
1.406967859207856E9,2.1719691048200125
1.406967864483539E9,2.274736548772909
1.406967871130878E9,2.1719691048200125
1.406967876784743E9,0.0
1.406967882048154E9,2.274736548772909
1.406967887287784E9,2.1719691048200125
1.406967892669345E9,0.0
1.406967898138308E9,4.446705653592922
1.406967903570524E9,0.0
1.40696790871521E9,2.1719691048200125
1.406967913832497E9,2.274736548772909
1.40696791885905E9,0.0
1.406967924861702E9,4.446705653592922
1.406967930233258E9,0.0
1.406967935408285E9,2.274736548772909
1.406967940698289E9,4.446705653592922
1.40696794611679E9,0.0
1.406967951681484E9,0.0
1.40696795715887E9,4.446705653592922
1.406967962292782E9,0.0
1.406967968110071E9,2.1719691048200125
1.406967973314341E9,2.274736548772909
1.406967978617218E9,4.446705653592922
1.406967984298054E9,0.0
1.406967991514433E9,2.1719691048200125
1.406967996576126E9,2.274736548772909
1.406968001925598E9,0.0
1.406968007191133E9,0.0
1.406968012442659E9,2.274736548772909
1.406968017662948E9,4.446705653592922
1.406968023052712E9,0.0
1.406968028323492E9,2.274736548772909
1.406968033453835E9,4.446705653592922
1.406968038837424E9,0.0
1.406968044210455E9,4.446705653592922
1.406968049377891E9,0.0
1.406968054868951E9,0.0
1.40696806024077E9,2.274736548772909
1.406968065501111E9,0.0
1.406968070791734E9,4.446705653592922
1.406968076290263E9,0.0
1.406968081786878E9,2.1719691048200125
1.406968086681575E9,2.274736548772909
1.40696809235996E9,0.0
1.406968098040476E9,2.1719691048200125
1.406968103217959E9,2.274736548772909
1.406968108571596E9,2.274736548772909
1.406968113656941E9,2.1719691048200125
1.406968119497738E9,2.274736548772909
1.406968125503519E9,2.274736548772909
1.40696813040675E9,2.274736548772909
1.406968135697856E9,2.274736548772909
1.40696814155113E9,4.446705653592922
1.406968146775676E9,0.0
1.406968152316852E9,2.274736548772909
1.406968157556641E9,2.274736548772909
1.406968163682197E9,4.446705653592922
1.406968168768493E9,0.0
1.406968174004247E9,2.274736548772909
1.406968179126855E9,0.0
1.406968184752427E9,0.0
1.406968190345955E9,2.274736548772909
1.406968195533162E9,4.446705653592922
1.406968200609934E9,2.274736548772909
1.406968206035553E9,0.0
1.406968211503612E9,4.446705653592922
1.406968216770231E9,2.274736548772909
1.406968222082957E9,2.1719691048200125
1.406968227318933E9,2.274736548772909
1.406968232398142E9,0.0
1.406968237721443E9,2.1719691048200125
1.406968243042359E9,0.0
1.406968248283342E9,0.0
1.406968253365074E9,143.43305706204072
1.406968258756744E9,90.72317653388961
1.406968263812162E9,90.72317653388961
1.406968269156108E9,97.10675087627749
1.406968274492604E9,94.93478177145748
1.406968280076162E9,97.10675087627749
1.40696828508524E9,94.93478177145748
1.406968290538277E9,94.93478177145748
1.406968295768337E9,97.10675087627749
1.406968301222343E9,92.8289817121953
1.406968306516406E9,92.8289817121953
1.406968311925188E9,95.00095081701531
1.406968317174909E9,90.72317653388961
1.406968322499386E9,90.72317653388961
1.406968327768788E9,88.61736623654045
1.40696833319236E9,88.61736623654045
1.406968339049084E9,88.61736623654045
1.406968344474956E9,86.51155082014776
1.406968349708136E9,88.68351992496777
1.406968355044807E9,86.51155082014776
1.406968360759251E9,84.40573028471158
1.406968366378344E9,82.29990463023192
1.406968371765066E9,84.40573028471158
1.406968376866527E9,84.47187373505193
1.406968382731494E9,84.40573028471158
1.406968388225268E9,82.29990463023192
1.406968393556012E9,84.47187373505193
1.40696839921441E9,82.29990463023192
1.406968404780063E9,80.19407385670875
1.406968409811236E9,82.29990463023192
1.406968415108094E9,82.36604296152876
1.406968420369487E9,82.29990463023192
1.406968425767748E9,80.19407385670875
1.406968431411989E9,82.29990463023192
1.40696843694117E9,82.29990463023192
1.406968441821723E9,84.47187373505193
1.406968447232378E9,82.29990463023192
1.406968453355965E9,82.29990463023192
1.406968458590252E9,82.29990463023192
1.406968463795969E9,82.29990463023192
1.406968470508698E9,82.36604296152876
1.406968476379601E9,82.29990463023192
1.406968481210506E9,82.29990463023192
1.406968486761398E9,82.29990463023192
1.406968492266878E9,82.29990463023192
1.406968497773429E9,82.36604296152876
1.406968503030998E9,80.19407385670875
1.40696850826957E9,82.29990463023192
1.406968513687153E9,82.29990463023192
1.406968519625415E9,84.47187373505193
1.406968524987203E9,82.29990463023192
1.406968530089799E9,82.29990463023192
1.406968535488691E9,82.29990463023192
1.406968541083024E9,82.29990463023192
1.406968546664838E9,82.29990463023192
1.406968551998327E9,84.47187373505193
1.406968557445724E9,84.40573028471158
1.406968562752202E9,82.29990463023192
1.40696856809394E9,84.47187373505193
1.40696857349203E9,82.29990463023192
1.406968579012572E9,84.40573028471158
1.406968584511299E9,84.47187373505193
1.406968589631989E9,82.29990463023192
1.40696859487878E9,86.57769938953159
1.406968600431108E9,82.29990463023192
1.406968605676642E9,84.40573028471158
1.406968610878152E9,84.40573028471158
1.406968616167275E9,82.29990463023192
1.406968621532459E9,84.40573028471158
1.406968626800871E9,82.29990463023192
1.406968632119609E9,84.40573028471158
1.406968637690902E9,86.57769938953159
1.406968642995722E9,82.29990463023192
1.406968648345249E9,82.29990463023192
1.406968653540847E9,84.47187373505193
1.40696865878514E9,82.29990463023192
1.406968664216881E9,82.29990463023192
1.406968669933707E9,82.29990463023192
1.406968675090996E9,82.29990463023192
1.40696868039998E9,84.40573028471158
1.406968685594303E9,82.29990463023192
1.406968691056694E9,82.29990463023192
1.406968696502911E9,86.57769938953159
1.406968701730921E9,82.29990463023192
1.406968706917838E9,82.29990463023192
1.406968712321054E9,82.36604296152876
1.406968717412881E9,82.29990463023192
1.406968722744873E9,82.29990463023192
1.406968727950376E9,82.29990463023192
1.406968733197665E9,82.29990463023192
1.406968738520512E9,82.36604296152876
1.406968743817703E9,80.19407385670875
1.406968749188651E9,80.19407385670875
1.406968754989144E9,82.36604296152876
1.40696876013767E9,80.19407385670875
1.40696876536246E9,78.0882379641421
1.406968770751858E9,80.19407385670875
1.406968776178152E9,80.19407385670875
1.406968781270285E9,80.19407385670875
1.40696878698055E9,78.0882379641421
1.406968792526861E9,82.36604296152876
1.406968798058062E9,80.19407385670875
1.406968803256928E9,80.19407385670875
1.406968808321311E9,80.19407385670875
1.4069688136108E9,78.0882379641421
1.406968819097525E9,80.19407385670875
1.406968824772007E9,82.36604296152876
1.406968829643225E9,78.0882379641421
1.406968835259164E9,80.19407385670875
1.406968840594783E9,80.2602070689621
1.406968846087527E9,78.0882379641421
1.40696885128806E9,78.0882379641421
1.406968856509376E9,80.2602070689621
1.406968861851867E9,80.19407385670875
1.406968867591559E9,78.0882379641421
1.406968873311176E9,80.2602070689621
1.406968878643378E9,78.0882379641421
1.406968883959198E9,78.0882379641421
1.406968889420822E9,80.2602070689621
1.406968894620267E9,75.98239695253193
1.40696890003782E9,2.274736548772909
1.406968905335366E9,2.1719691048200125
1.406968910598827E9,0.0
1.406968916020502E9,2.274736548772909
1.406968921627311E9,2.1719691048200125
1.406968926765411E9,0.0
1.40696893211217E9,2.274736548772909
1.406968937190545E9,2.1719691048200125
1.406968942715462E9,2.274736548772909
1.40696894857333E9,2.274736548772909
1.406968953728276E9,2.274736548772909
1.406968958947915E9,2.274736548772909
1.406968964056606E9,2.1719691048200125
1.406968969290735E9,2.274736548772909
1.406968974476307E9,0.0
1.406968980007989E9,2.1719691048200125
1.406968985500705E9,0.0
1.406968991226154E9,4.446705653592922
1.40696899671978E9,2.274736548772909
1.406969002013519E9,0.0
1.406969007383168E9,4.446705653592922
1.406969012970876E9,2.274736548772909
1.406969018328224E9,2.1719691048200125
1.406969023486552E9,2.274736548772909
1.406969028673076E9,2.274736548772909
1.406969034145409E9,2.1719691048200125
1.406969040005395E9,0.0
1.40696904533327E9,2.274736548772909
1.406969050538368E9,2.1719691048200125
1.406969055974866E9,0.0
1.406969061138454E9,4.446705653592922
1.406969067713104E9,0.0
1.406969073330712E9,4.446705653592922
1.406969078611177E9,2.274736548772909
1.40696908376362E9,2.1719691048200125
1.406969089026279E9,2.274736548772909
1.406969094434683E9,0.0
1.406969100160397E9,2.1719691048200125
1.406969105897994E9,0.0
1.40696911075741E9,4.446705653592922
1.406969116220027E9,0.0
1.40696912132473E9,2.274736548772909
1.406969126561843E9,4.446705653592922
1.406969131987144E9,0.0
1.406969136798727E9,0.0
1.406969142354681E9,4.446705653592922
1.406969148133979E9,2.274736548772909
1.40696915328484E9,2.1719691048200125
1.406969158251264E9,2.274736548772909
1.406969163707988E9,2.274736548772909
1.40696916932574E9,2.1719691048200125
1.406969175091986E9,0.0
1.406969180260593E9,2.274736548772909
1.406969185617145E9,2.274736548772909
1.40696919107968E9,0.0
1.406969196531487E9,2.1719691048200125
1.406969201551452E9,2.274736548772909
1.406969207116405E9,0.0
1.406969212627984E9,0.0
1.40696921803818E9,2.274736548772909
1.406969223569943E9,4.446705653592922
1.406969229168235E9,2.274736548772909
1.406969234425873E9,0.0
1.406969239741732E9,0.0
1.406969244936813E9,2.274736548772909
1.40696925033306E9,0.0
1.406969255260076E9,4.446705653592922
1.406969260644563E9,2.274736548772909
1.40696926611561E9,0.0
1.406969271626988E9,0.0
1.406969276747291E9,2.274736548772909
1.406969281902947E9,0.0
1.40696928727961E9,4.446705653592922
1.406969292707432E9,2.274736548772909
1.406969298108703E9,0.0
1.406969303537215E9,2.274736548772909
1.406969309113354E9,2.274736548772909
1.406969314498449E9,2.1719691048200125
1.40696931982098E9,0.0
1.406969324977506E9,2.274736548772909
1.406969330502929E9,2.1719691048200125
1.406969335880672E9,0.0
1.40696934099718E9,2.274736548772909
1.40696934614065E9,0.0
1.406969351562065E9,2.274736548772909
1.406969357012811E9,4.446705653592922
1.406969362273226E9,0.0
1.406969367979767E9,0.0
1.406969373286668E9,4.446705653592922
1.406969378651804E9,2.274736548772909
1.406969383732528E9,2.1719691048200125
1.406969388614523E9,2.274736548772909
1.406969394382477E9,0.0
1.406969400188439E9,2.1719691048200125
1.406969405502778E9,2.274736548772909
1.406969410701503E9,2.274736548772909
1.406969416350825E9,0.0
1.406969421642483E9,0.0
1.406969426884899E9,4.446705653592922
1.406969432295532E9,0.0
1.406969437731547E9,0.0
1.406969443154658E9,4.446705653592922
1.406969448183194E9,0.0
1.406969453367532E9,2.274736548772909
1.406969458796191E9,4.446705653592922
1.406969463932825E9,0.0
1.406969469257285E9,2.274736548772909
1.406969474560825E9,4.446705653592922
1.406969479788364E9,0.0
1.406969484712573E9,4.446705653592922
1.406969490419471E9,2.274736548772909
1.406969496697105E9,4.446705653592922
1.406969502019208E9,0.0
1.406969506931935E9,2.274736548772909
1.406969512537744E9,2.274736548772909
1.40696951818734E9,2.274736548772909
1.40696952317936E9,0.0
1.406969528650353E9,2.1719691048200125
1.406969534158027E9,2.274736548772909
1.406969539675567E9,2.274736548772909
1.406969544673941E9,2.1719691048200125
1.406969549693365E9,2.274736548772909
1.406969555255009E9,0.0
1.406969560845581E9,2.1719691048200125
1.40696956643954E9,2.274736548772909
1.406969571665813E9,2.274736548772909
1.406969577089422E9,2.1719691048200125
1.406969582457223E9,2.274736548772909
1.406969587842648E9,2.274736548772909
1.40696959313708E9,2.1719691048200125
1.406969598860827E9,0.0
1.406969604302578E9,0.0
1.406969609556685E9,2.1719691048200125
1.406969614621405E9,2.274736548772909
1.406969620046005E9,0.0
1.406969625589384E9,4.446705653592922
1.40696963087813E9,2.274736548772909
1.406969636617679E9,0.0
1.406969641815704E9,0.0
1.40696964709473E9,2.274736548772909
1.4069696524034E9,2.1719691048200125
1.406969658358777E9,2.274736548772909
1.40696966363658E9,4.446705653592922
1.406969668886768E9,0.0
1.406969674320622E9,2.274736548772909
1.406969679980977E9,4.446705653592922
1.406969685168702E9,0.0
1.406969690808665E9,0.0
1.406969696457631E9,2.274736548772909
1.406969702132757E9,2.274736548772909
1.406969707224948E9,2.1719691048200125
1.406969712541253E9,2.274736548772909
1.4069697183496E9,2.274736548772909
1.406969724055515E9,2.274736548772909
1.406969729136874E9,0.0
1.406969734112481E9,2.274736548772909
1.406969739805051E9,2.274736548772909
1.406969745043788E9,0.0
1.406969750293843E9,2.274736548772909
1.406969755373852E9,2.274736548772909
1.406969761368304E9,2.274736548772909
1.406969766917927E9,4.446705653592922
1.406969772505122E9,0.0
1.406969777762999E9,0.0
1.406969783303003E9,4.446705653592922
1.406969788768063E9,2.274736548772909
1.406969793935018E9,2.1719691048200125
1.406969799291206E9,2.274736548772909
1.40696980491069E9,2.274736548772909
1.406969810292396E9,2.1719691048200125
1.406969815177636E9,2.274736548772909
1.406969821302663E9,4.446705653592922
1.406969827264108E9,0.0
1.406969832342318E9,2.274736548772909
1.406969837473327E9,2.1719691048200125
1.406969843037883E9,0.0
1.40696984878748E9,0.0
1.406969854063556E9,2.274736548772909
1.406969859249365E9,4.446705653592922
1.406969864527624E9,2.274736548772909
1.40696987015337E9,0.0
1.406969875726436E9,0.0
1.40696988098383E9,2.274736548772909
1.406969886254048E9,0.0
1.406969891796476E9,0.0
1.406969896947442E9,2.274736548772909
1.406969901994985E9,0.0
1.406969907265582E9,4.446705653592922
1.406969912869921E9,2.274736548772909
1.406969918090615E9,0.0
1.406969923324355E9,2.274736548772909
1.406969928562707E9,2.274736548772909
1.406969933759995E9,0.0
1.406969939178584E9,2.274736548772909
1.406969944617064E9,2.274736548772909
1.406969949470378E9,2.274736548772909
1.406969954922351E9,2.1719691048200125
1.406969961098572E9,2.274736548772909
1.406969966191132E9,2.274736548772909
1.406969971599941E9,4.446705653592922
1.406969977199456E9,0.0
1.406969984116311E9,2.274736548772909
1.406969989225488E9,0.0
1.406969994109003E9,2.274736548772909
1.4069699994043E9,2.1719691048200125
1.406970005180566E9,0.0
1.406970010402563E9,2.1719691048200125
1.406970015391279E9,2.274736548772909
1.406970021065251E9,0.0
1.406970026753535E9,2.1719691048200125
1.406970031895056E9,2.274736548772909
1.406970037277164E9,0.0
1.40697004327131E9,0.0
1.406970048439829E9,0.0
1.406970053675965E9,4.446705653592922
1.406970058912623E9,2.1719691048200125
1.406970064214352E9,2.274736548772909
1.406970069358449E9,0.0
1.406970075012543E9,0.0
1.406970080285808E9,2.274736548772909
1.406970086008918E9,4.446705653592922
1.406970091310593E9,0.0
1.406970096811741E9,2.1719691048200125
1.406970102601065E9,2.274736548772909
1.406970108119909E9,2.274736548772909
1.406970113107357E9,2.1719691048200125
1.406970118452737E9,2.274736548772909
1.406970123864529E9,4.446705653592922
1.406970129497298E9,0.0
1.406970134671079E9,0.0
1.406970140338252E9,4.446705653592922
1.406970145549531E9,0.0
1.406970151415417E9,2.274736548772909
1.406970157019703E9,2.274736548772909
1.406970162131647E9,0.0
1.40697016751021E9,2.274736548772909
1.406970173468903E9,2.274736548772909
1.406970178824249E9,2.274736548772909
1.406970184116151E9,2.1719691048200125
1.406970189209307E9,2.274736548772909
1.4069701945928E9,4.446705653592922
1.406970199676834E9,0.0
1.40697020520155E9,2.274736548772909
1.406970210540924E9,0.0
1.406970216030938E9,0.0
1.406970221034486E9,2.274736548772909
1.406970226631034E9,2.1719691048200125
1.406970232344888E9,0.0
1.406970237980246E9,2.1719691048200125
1.406970243283284E9,2.274736548772909
1.406970248665777E9,2.274736548772909
1.406970253938511E9,2.1719691048200125
1.406970259252398E9,2.274736548772909
1.406970264509793E9,0.0
1.406970269837829E9,0.0
1.406970275254952E9,2.274736548772909
1.406970280830613E9,2.274736548772909
1.40697028757433E9,0.0
1.406970292816883E9,2.274736548772909
1.406970297759333E9,2.1719691048200125
1.406970303314698E9,2.274736548772909
1.406970308641753E9,4.446705653592922
1.406970315532722E9,2.1719691048200125
1.406970321127976E9,2.274736548772909
1.406970326465393E9,2.1719691048200125
1.40697033192551E9,0.0
1.406970337150482E9,4.446705653592922
1.406970342530477E9,2.274736548772909
1.406970347620325E9,0.0
1.406970352863315E9,4.446705653592922
1.406970358324667E9,0.0
1.406970364139209E9,0.0
1.406970369472811E9,4.446705653592922
1.406970374887505E9,0.0
1.406970380149278E9,2.274736548772909
1.406970385193436E9,2.1719691048200125
1.40697039121572E9,0.0
1.406970396879566E9,0.0
1.406970402095176E9,2.274736548772909
1.406970407178438E9,0.0
1.406970412405566E9,4.446705653592922
1.406970418069728E9,2.274736548772909
1.406970423547192E9,0.0
1.406970428736912E9,0.0
1.406970434170939E9,2.274736548772909
1.406970439717916E9,2.274736548772909
1.406970444682239E9,0.0
1.406970449694716E9,2.274736548772909
1.406970455262568E9,0.0
1.406970460990971E9,0.0
1.406970466383793E9,0.0
1.406970471279826E9,2.274736548772909
1.406970476628774E9,2.274736548772909
1.406970482062952E9,0.0
1.40697048768365E9,2.1719691048200125
1.406970493021436E9,2.274736548772909
1.40697049832917E9,0.0
1.406970503590551E9,2.1719691048200125
1.406970509075987E9,2.274736548772909
1.406970514067609E9,0.0
1.406970519439036E9,4.446705653592922
1.406970524708701E9,0.0
1.406970530033516E9,0.0
1.40697053545568E9,2.1719691048200125
1.406970540718406E9,0.0
1.406970546071173E9,2.274736548772909
1.4069705515257E9,2.1719691048200125
1.406970556950905E9,0.0
1.406970562419762E9,2.274736548772909
1.406970567555572E9,2.274736548772909
1.406970572815874E9,0.0
1.40697057826225E9,4.446705653592922
1.406970583824795E9,2.274736548772909
1.406970589149241E9,0.0
1.406970594333061E9,4.446705653592922
1.406970600150258E9,2.274736548772909
1.406970605990321E9,4.446705653592922
1.406970611259586E9,2.274736548772909
1.406970616418926E9,0.0
1.4069706215526E9,0.0
1.406970627192219E9,2.274736548772909
1.40697063260179E9,2.274736548772909
1.406970638072507E9,2.1719691048200125
1.406970643117832E9,2.274736548772909
1.406970648405682E9,0.0
1.406970653966745E9,2.1719691048200125
1.406970659521533E9,0.0
1.40697066491888E9,2.1719691048200125
1.406970670105659E9,4.446705653592922
1.406970675549083E9,0.0
1.406970681110719E9,2.1719691048200125
1.406970686640889E9,0.0
1.406970691768767E9,2.274736548772909
1.406970697657518E9,2.1719691048200125
1.406970703002003E9,0.0
1.40697070825658E9,2.274736548772909
1.406970713754049E9,2.274736548772909
1.406970719308053E9,0.0
1.406970724581285E9,0.0
1.406970729808853E9,0.0
1.40697073524235E9,2.274736548772909
1.406970740592885E9,0.0
1.406970746366671E9,0.0
1.40697075174299E9,0.0
1.40697075713746E9,2.274736548772909
1.406970762614124E9,2.274736548772909
1.4069707677287E9,2.1719691048200125
1.406970773078258E9,4.446705653592922
1.406970778678445E9,0.0
1.406970784168379E9,2.274736548772909
1.406970789055119E9,2.1719691048200125
1.406970794626468E9,2.274736548772909
1.406970800699824E9,2.1719691048200125
1.406970805687217E9,2.274736548772909
1.406970811233322E9,0.0
1.406970816075874E9,4.446705653592922
1.406970822006416E9,2.274736548772909
1.406970827788913E9,4.446705653592922
1.406970832622069E9,0.0
1.40697083764357E9,0.0
1.406970844121804E9,1115.644505642236
1.406970850115773E9,90.72317653388961
1.406970855000175E9,95.00095081701531
1.40697086033942E9,92.8289817121953
1.406970866028772E9,94.93478177145748
1.406970871790413E9,94.93478177145748
1.406970876901414E9,94.93478177145748
1.406970882121191E9,94.93478177145748
1.406970887712984E9,94.93478177145748
1.406970893073535E9,92.8289817121953
1.40697089813506E9,95.00095081701531
1.406970903454621E9,92.8289817121953
1.406970908865909E9,90.72317653388961
1.406970914449781E9,92.89514563870962
1.406970919832797E9,90.72317653388961
1.406970925231828E9,90.78933534136046
1.406970930222239E9,88.61736623654045
1.406970935614772E9,88.61736623654045
1.406970941081485E9,88.68351992496777
1.406970946488682E9,84.40573028471158
1.406970951883589E9,84.40573028471158
1.406970957196145E9,86.57769938953159
1.406970962522898E9,84.40573028471158
1.406970967987002E9,86.57769938953159
1.406970973214842E9,84.40573028471158
1.406970978181779E9,82.29990463023192
1.406970983871871E9,84.47187373505193
1.406970989812667E9,82.29990463023192
1.406970995127257E9,82.29990463023192
1.406971000160711E9,84.47187373505193
1.406971005413083E9,82.29990463023192
1.406971011033166E9,82.29990463023192
1.406971016225116E9,82.36604296152876
1.40697102160166E9,82.29990463023192
1.406971026930304E9,84.47187373505193
1.406971032566809E9,82.29990463023192
1.406971038122407E9,82.29990463023192
1.406971043024657E9,84.47187373505193
1.406971048511706E9,82.29990463023192
1.406971054593069E9,82.29990463023192
1.406971060199944E9,82.29990463023192
1.406971065355291E9,82.29990463023192
1.40697107019345E9,84.47187373505193
1.40697107577784E9,82.29990463023192
1.406971081493155E9,82.29990463023192
1.40697108659539E9,82.29990463023192
1.406971091519455E9,82.29990463023192
1.40697109715024E9,82.29990463023192
1.406971102265773E9,84.47187373505193
1.406971107837613E9,82.29990463023192
1.406971113108853E9,84.47187373505193
1.406971118485693E9,82.29990463023192
1.406971123593417E9,84.40573028471158
1.406971128989663E9,84.47187373505193
1.406971134245279E9,82.29990463023192
1.406971139369064E9,82.29990463023192
1.406971144742382E9,84.47187373505193
1.406971149662387E9,84.40573028471158
1.406971155254174E9,82.29990463023192
1.406971160705081E9,84.47187373505193
1.406971165889183E9,82.29990463023192
1.406971170717648E9,82.29990463023192
1.406971176582658E9,84.40573028471158
1.406971182888346E9,82.29990463023192
1.406971187730248E9,84.40573028471158
1.406971193086589E9,86.57769938953159
1.406971198378903E9,82.29990463023192
1.406971203779443E9,84.47187373505193
1.406971209482898E9,84.40573028471158
1.406971215081518E9,82.29990463023192
1.406971220309649E9,84.47187373505193
1.40697122565484E9,82.29990463023192
1.40697123079876E9,82.29990463023192
1.406971236122554E9,84.47187373505193
1.406971241580318E9,82.29990463023192
1.406971246912612E9,84.47187373505193
1.406971252386978E9,82.29990463023192
1.406971257525874E9,82.29990463023192
1.406971262856034E9,84.47187373505193
1.40697126773264E9,80.19407385670875
1.406971273532643E9,82.29990463023192
1.406971279422133E9,82.29990463023192
1.406971284355613E9,82.29990463023192
1.40697128967663E9,82.29990463023192
1.406971295043042E9,82.29990463023192
1.406971301007329E9,84.47187373505193
1.406971306246163E9,80.19407385670875
1.40697131172148E9,80.19407385670875
1.406971317276554E9,82.36604296152876
1.406971323006447E9,80.19407385670875
1.406971327823216E9,84.47187373505193
1.406971333035687E9,80.19407385670875
1.40697133842224E9,80.19407385670875
1.406971344248138E9,82.36604296152876
1.406971349643188E9,80.19407385670875
1.406971354781912E9,80.19407385670875
1.406971360305894E9,82.36604296152876
1.406971366059535E9,80.19407385670875
1.406971371372305E9,80.19407385670875
1.406971376644976E9,80.19407385670875
1.406971382250677E9,80.19407385670875
1.406971388014255E9,80.2602070689621
1.406971392907907E9,80.19407385670875
1.406971398193377E9,80.19407385670875
1.406971403746975E9,82.36604296152876
1.406971409240386E9,78.0882379641421
1.406971414588777E9,82.36604296152876
1.406971419689378E9,80.19407385670875
1.406971424920298E9,78.0882379641421
1.406971430290552E9,80.19407385670875
1.406971435782956E9,80.19407385670875
1.406971441261767E9,78.0882379641421
1.406971446863618E9,78.0882379641421
1.406971452238166E9,78.0882379641421
1.40697145744263E9,80.19407385670875
1.40697146282706E9,78.0882379641421
1.406971468449778E9,78.0882379641421
1.406971473770202E9,78.0882379641421
1.406971479015745E9,78.0882379641421
1.406971484369387E9,80.19407385670875
1.406971489777848E9,78.0882379641421
1.406971494887773E9,78.0882379641421
1.406971500358103E9,78.0882379641421
1.406971505733458E9,2.274736548772909
1.406971511219889E9,0.0
1.406971516297665E9,2.274736548772909
1.40697152153922E9,2.1719691048200125
1.406971526872641E9,0.0
1.406971532119146E9,2.274736548772909
1.406971538073661E9,2.274736548772909
1.406971543259721E9,0.0
1.406971548430987E9,4.446705653592922
1.406971553587579E9,2.274736548772909
1.406971559652912E9,0.0
1.406971565167569E9,0.0
1.406971570772259E9,0.0
1.406971576055683E9,2.274736548772909
1.406971581335199E9,2.274736548772909
1.406971586957964E9,4.446705653592922
1.406971592075214E9,0.0
1.406971597423789E9,2.274736548772909
1.40697160294435E9,2.274736548772909
1.406971609436987E9,2.1719691048200125
1.406971614798578E9,2.274736548772909
1.406971620088553E9,0.0
1.406971625542655E9,2.274736548772909
1.406971630864212E9,2.274736548772909
1.406971636196875E9,2.274736548772909
1.406971641518598E9,4.446705653592922
1.406971646893657E9,2.274736548772909
1.406971651919086E9,2.1719691048200125
1.406971657558885E9,2.274736548772909
1.406971663021223E9,0.0
1.406971668412104E9,4.446705653592922
1.406971673601631E9,2.274736548772909
1.40697167888512E9,0.0
1.406971684597648E9,4.446705653592922
1.406971689858161E9,2.274736548772909
1.40697169525957E9,0.0
1.406971700568942E9,4.446705653592922
1.406971705714717E9,2.274736548772909
1.406971710983685E9,0.0
1.406971716496838E9,2.1719691048200125
1.406971721965549E9,0.0
1.406971727223129E9,4.446705653592922
1.406971732288736E9,0.0
1.406971737508673E9,2.274736548772909
1.406971742437511E9,4.446705653592922
1.406971748115255E9,0.0
1.406971753970615E9,2.1719691048200125
1.406971759575387E9,2.274736548772909
1.406971764492874E9,2.274736548772909
1.406971769472018E9,0.0
1.406971774860946E9,2.274736548772909
1.406971780914531E9,0.0
1.406971786022457E9,4.446705653592922
1.406971791292586E9,0.0
1.406971796985268E9,0.0
1.406971802538605E9,4.446705653592922
1.406971807424106E9,2.274736548772909
1.406971812704647E9,0.0
1.40697181897745E9,0.0
1.406971824611025E9,2.1719691048200125
1.406971829486634E9,2.274736548772909
1.406971834954204E9,0.0
1.406971841117514E9,4.446705653592922
1.406971846563375E9,0.0
1.406971851786841E9,0.0
1.40697185698842E9,2.274736548772909
1.406971862699076E9,0.0
1.406971867970386E9,2.1719691048200125
1.40697187330039E9,2.274736548772909
1.406971878457473E9,0.0
1.406971883884174E9,2.1719691048200125
1.406971889845628E9,0.0
1.406971895027243E9,2.274736548772909
1.406971900066638E9,2.1719691048200125
1.406971905447317E9,2.274736548772909
1.406971911360999E9,2.274736548772909
1.406971916396778E9,2.274736548772909
1.406971921691581E9,0.0
1.406971927043659E9,2.274736548772909
1.406971932342376E9,0.0
1.406971937657915E9,2.274736548772909
1.406971943134175E9,2.1719691048200125
1.406971948607853E9,2.274736548772909
1.406971953671245E9,2.274736548772909
1.406971958998923E9,0.0
1.406971964381715E9,2.274736548772909
1.406971970106055E9,4.446705653592922
1.406971975367025E9,0.0
1.406971980200831E9,2.274736548772909
1.406971985654882E9,4.446705653592922
1.406971991289151E9,0.0
1.406971996612762E9,2.274736548772909
1.40697200197311E9,2.274736548772909
1.406972007413661E9,0.0
1.406972012916677E9,0.0
1.406972018840045E9,2.274736548772909
1.406972024077736E9,0.0
1.406972029232077E9,4.446705653592922
1.406972034635641E9,0.0
1.406972040391861E9,2.1719691048200125
1.406972045898854E9,0.0
1.406972050771982E9,2.274736548772909
1.406972055968852E9,2.1719691048200125
1.406972061048814E9,4.446705653592922
1.406972066101076E9,0.0
1.406972071618545E9,2.274736548772909
1.40697207704521E9,2.274736548772909
1.406972082182508E9,0.0
1.406972087542663E9,2.274736548772909
1.406972092661806E9,2.274736548772909
1.406972098217247E9,0.0
1.406972103580832E9,4.446705653592922
1.406972108935373E9,2.274736548772909
1.40697211425989E9,0.0
1.406972119591307E9,2.1719691048200125
1.406972124923834E9,2.274736548772909
1.406972130391489E9,0.0
1.406972135892963E9,0.0
1.406972141202605E9,2.274736548772909
1.406972146593126E9,2.1719691048200125
1.40697215175109E9,0.0
1.406972156892295E9,2.274736548772909
1.406972162195811E9,0.0
1.406972167991374E9,2.274736548772909
1.406972173041481E9,2.274736548772909
1.406972178240309E9,4.446705653592922
1.406972183689265E9,2.274736548772909
1.406972189494195E9,0.0
1.406972194548094E9,0.0
1.406972199782374E9,2.274736548772909
1.406972205495196E9,0.0
1.40697221122428E9,0.0
1.406972216322877E9,2.274736548772909
1.406972221630087E9,2.274736548772909
1.406972227097179E9,0.0
1.406972233041008E9,2.1719691048200125
1.406972238361348E9,2.274736548772909
1.406972243376884E9,0.0
1.406972248788618E9,0.0
1.406972254918165E9,0.0
1.406972259817587E9,4.446705653592922
1.406972265210264E9,0.0
1.406972270875173E9,2.1719691048200125
1.406972276650548E9,0.0
1.406972281520738E9,2.274736548772909
1.406972286788727E9,2.1719691048200125
1.406972291999156E9,2.274736548772909
1.406972297594613E9,2.274736548772909
1.406972303162211E9,0.0
1.406972308677763E9,2.274736548772909
1.406972313971377E9,2.274736548772909
1.40697231916286E9,0.0
1.40697232458142E9,2.274736548772909
1.406972329605202E9,4.446705653592922
1.406972335028392E9,0.0
1.406972340380022E9,0.0
1.406972345882847E9,2.1719691048200125
1.406972350807142E9,2.274736548772909
1.406972356279967E9,0.0
1.406972363186758E9,2.274736548772909
1.406972368832036E9,4.446705653592922
1.406972374284594E9,2.1719691048200125
1.40697237958362E9,2.274736548772909
1.406972384683439E9,4.446705653592922
1.406972390198226E9,0.0
1.406972395751737E9,0.0
1.406972401118294E9,4.446705653592922
1.406972406302165E9,0.0
1.406972411417523E9,2.274736548772909
1.406972416906928E9,4.446705653592922
1.406972422268038E9,0.0
1.406972427562987E9,2.274736548772909
1.406972433087793E9,4.446705653592922
1.406972438309865E9,2.274736548772909
1.406972443772905E9,4.446705653592922
1.406972448976397E9,0.0
1.406972454242893E9,2.274736548772909
1.406972459683262E9,4.446705653592922
1.406972465166719E9,0.0
1.406972470321448E9,2.274736548772909
1.406972475499116E9,0.0
1.406972480593667E9,0.0
1.406972485826995E9,2.274736548772909
1.40697249145258E9,0.0
1.406972496971994E9,0.0
1.406972502066814E9,2.274736548772909
1.406972506999724E9,2.1719691048200125
1.406972512393611E9,2.274736548772909
1.406972517917459E9,4.446705653592922
1.406972523376673E9,0.0
1.406972528263099E9,2.274736548772909
1.406972533231605E9,0.0
1.406972539111235E9,0.0
1.406972544692635E9,2.1719691048200125
1.406972550130571E9,2.274736548772909
1.40697255530663E9,0.0
1.406972560691241E9,2.274736548772909
1.406972565906135E9,2.274736548772909
1.406972571202933E9,2.274736548772909
1.406972576351897E9,0.0
1.406972581743438E9,2.1719691048200125
1.406972587037101E9,2.274736548772909
1.406972592234885E9,0.0
1.406972597463911E9,4.446705653592922
1.40697260264734E9,2.274736548772909
1.406972608386972E9,2.1719691048200125
1.4069726140311E9,0.0
1.406972619201786E9,2.274736548772909
1.406972624524199E9,2.1719691048200125
1.406972630111809E9,0.0
1.406972635120712E9,4.446705653592922
1.406972640531835E9,0.0
1.40697264625248E9,2.1719691048200125
1.406972652057832E9,2.274736548772909
1.406972657067451E9,0.0
1.406972662529254E9,4.446705653592922
1.406972668015649E9,2.274736548772909
1.40697267343823E9,2.1719691048200125
1.406972678808263E9,0.0
1.406972683679162E9,2.274736548772909
1.406972689085617E9,4.446705653592922
1.406972694520415E9,0.0
1.406972699954192E9,2.1719691048200125
1.406972705211738E9,2.274736548772909
1.40697271056408E9,0.0
1.406972715826847E9,2.1719691048200125
1.406972721184102E9,2.274736548772909
1.406972727951778E9,0.0
1.40697273329847E9,2.274736548772909
1.406972738658544E9,4.446705653592922
1.406972744128489E9,0.0
1.406972749466067E9,2.274736548772909
1.406972754722291E9,4.446705653592922
1.40697276009114E9,0.0
1.406972765550639E9,2.274736548772909
1.406972771068305E9,4.446705653592922
1.406972776299224E9,0.0
1.406972781621358E9,2.274736548772909
1.406972787357873E9,2.1719691048200125
1.406972792404624E9,0.0
1.406972797407942E9,2.274736548772909
1.40697280276469E9,2.1719691048200125
1.406972808682992E9,2.274736548772909
1.406972813691083E9,4.446705653592922
1.406972819096372E9,0.0
1.40697282446077E9,2.274736548772909
1.40697282994275E9,4.446705653592922
1.406972835305993E9,0.0
1.40697284043829E9,2.274736548772909
1.406972845480031E9,2.1719691048200125
1.406972850722621E9,0.0
1.406972857877204E9,2.274736548772909
1.406972862941196E9,0.0
1.40697286840746E9,4.446705653592922
1.406972873942762E9,2.274736548772909
1.406972879063186E9,0.0
1.406972884382056E9,2.1719691048200125
1.406972889833191E9,2.274736548772909
1.40697289525896E9,4.446705653592922
1.406972900729269E9,2.274736548772909
1.406972905938177E9,0.0
1.406972911181643E9,4.446705653592922
1.406972916821385E9,2.274736548772909
1.406972922460752E9,2.1719691048200125
1.406972927845305E9,0.0
1.406972933093736E9,2.274736548772909
1.406972938495431E9,4.446705653592922
1.406972945734033E9,2.1719691048200125
1.40697295089995E9,2.274736548772909
1.406972956163614E9,0.0
1.406972961601786E9,4.446705653592922
1.406972966702092E9,2.274736548772909
1.406972972032895E9,0.0
1.406972977304442E9,2.274736548772909
1.40697298316764E9,2.274736548772909
1.406972988157562E9,0.0
1.406972993503421E9,4.446705653592922
1.406972998977422E9,0.0
1.406973004518896E9,4.446705653592922
1.406973009929945E9,2.274736548772909
1.406973015232324E9,0.0
1.406973020525726E9,4.446705653592922
1.406973025650727E9,2.274736548772909
1.406973030847135E9,0.0
1.406973036230315E9,4.446705653592922
1.40697304164524E9,2.274736548772909
1.406973046949795E9,2.1719691048200125
1.406973052212064E9,2.274736548772909
1.406973057651494E9,0.0
1.406973062987416E9,2.1719691048200125
1.406973068479805E9,2.274736548772909
1.406973074224313E9,2.1719691048200125
1.406973079723853E9,0.0
1.406973084840173E9,2.274736548772909
1.406973090079721E9,2.1719691048200125
1.406973095181972E9,2.274736548772909
1.406973100469767E9,0.0
1.40697310587598E9,2.1719691048200125
1.406973111603169E9,2.274736548772909
1.406973117061602E9,2.274736548772909
1.406973122238333E9,2.1719691048200125
1.406973127395075E9,2.274736548772909
1.406973133013343E9,0.0
1.406973138375863E9,4.446705653592922
1.406973143719366E9,2.274736548772909
1.406973149004436E9,0.0
1.406973154434542E9,2.274736548772909
1.406973159801043E9,2.274736548772909
1.406973165143539E9,2.1719691048200125
1.406973170349068E9,2.274736548772909
1.406973175578581E9,2.274736548772909
1.406973181104272E9,0.0
1.406973186033457E9,2.274736548772909
1.406973191439668E9,2.274736548772909
1.40697319722975E9,2.274736548772909
1.406973202769473E9,2.274736548772909
1.406973207741766E9,2.1719691048200125
1.406973212936421E9,2.274736548772909
1.406973218225078E9,0.0
1.406973223261621E9,2.274736548772909
1.406973228654155E9,2.1719691048200125
1.406973234495731E9,0.0
1.406973239980341E9,0.0
1.406973245252838E9,2.274736548772909
1.406973250482659E9,0.0
1.406973255800913E9,0.0
1.406973261902993E9,2.1719691048200125
1.40697326703402E9,2.274736548772909
1.406973271920505E9,0.0
1.406973277264056E9,2.274736548772909
1.406973282901493E9,2.274736548772909
1.406973288108089E9,2.274736548772909
1.406973293473717E9,2.1719691048200125
1.406973299309902E9,0.0
1.406973304810853E9,2.1719691048200125
1.40697331016855E9,2.274736548772909
1.406973315490154E9,0.0
1.406973320830548E9,2.1719691048200125
1.406973325927361E9,2.274736548772909
1.406973331184371E9,0.0
1.406973336618552E9,2.274736548772909
1.406973342105098E9,0.0
1.4069733472023E9,2.274736548772909
1.406973352371527E9,2.1719691048200125
1.406973357760695E9,0.0
1.406973363123255E9,2.274736548772909
1.406973368657737E9,2.274736548772909
1.406973373727586E9,0.0
1.406973378846781E9,2.274736548772909
1.40697338416211E9,2.1719691048200125
1.406973389506899E9,2.274736548772909
1.406973394986888E9,4.446705653592922
1.406973399910735E9,0.0
1.406973405170777E9,2.274736548772909
1.40697341054881E9,2.1719691048200125
1.4069734157091E9,0.0
1.406973420925931E9,2.274736548772909
1.406973426246481E9,2.1719691048200125
1.406973431614237E9,0.0
1.406973437361826E9,2.1719691048200125
1.406973442187071E9,2.274736548772909
1.406973447411806E9,0.0
1.406973453109239E9,2.1719691048200125
1.406973458493771E9,2.274736548772909
1.406973463659145E9,2.274736548772909
1.406973468813999E9,105.52989992289125
1.406973474782478E9,92.8289817121953
1.406973480627053E9,92.8289817121953
1.406973485935651E9,94.93478177145748
1.406973491441414E9,94.93478177145748
1.406973496888962E9,92.8289817121953
1.406973502223208E9,94.93478177145748
1.406973507506981E9,94.93478177145748
1.406973512858152E9,94.93478177145748
1.406973518277878E9,94.93478177145748
1.40697352402898E9,95.00095081701531
1.406973528924015E9,92.8289817121953
1.406973534568842E9,90.72317653388961
1.406973539695848E9,92.89514563870962
1.406973545075079E9,88.61736623654045
1.406973550554847E9,86.51155082014776
1.40697355571248E9,88.68351992496777
1.406973561081326E9,86.51155082014776
1.406973566424032E9,86.51155082014776
1.406973571837464E9,86.51155082014776
1.40697357702136E9,84.40573028471158
1.406973582251507E9,84.40573028471158
1.406973587693329E9,82.29990463023192
1.406973593026881E9,84.40573028471158
1.406973598100087E9,82.29990463023192
1.406973603369491E9,86.57769938953159
1.406973608484114E9,84.40573028471158
1.406973613849516E9,86.57769938953159
1.406973619354487E9,84.47187373505193
1.406973624995835E9,82.29990463023192
1.406973630291361E9,82.29990463023192
1.406973635626994E9,82.29990463023192
1.40697364100453E9,82.29990463023192
1.406973646661068E9,84.47187373505193
1.406973651689165E9,82.29990463023192
1.40697365697108E9,82.29990463023192
1.406973661987622E9,84.47187373505193
1.406973667210204E9,82.29990463023192
1.406973672648479E9,82.29990463023192
1.406973678313985E9,84.47187373505193
1.406973683664058E9,82.29990463023192
1.406973688803196E9,82.29990463023192
1.40697369406415E9,84.47187373505193
1.406973699213556E9,82.29990463023192
1.406973704718233E9,84.47187373505193
1.406973710167822E9,82.29990463023192
1.40697371526903E9,82.29990463023192
1.406973720606913E9,82.29990463023192
1.406973725806207E9,82.29990463023192
1.406973731006526E9,82.29990463023192
1.406973736508056E9,84.47187373505193
1.40697374196637E9,84.40573028471158
1.40697374705845E9,84.47187373505193
1.406973752246188E9,82.29990463023192
1.406973757740452E9,82.29990463023192
1.406973763045956E9,84.47187373505193
1.406973768246715E9,84.40573028471158
1.40697377373906E9,84.47187373505193
1.406973779232751E9,82.29990463023192
1.406973785272236E9,86.57769938953159
1.40697379052084E9,84.40573028471158
1.406973795727449E9,82.29990463023192
1.406973801652398E9,86.57769938953159
1.406973807109558E9,82.29990463023192
1.406973812237149E9,84.40573028471158
1.406973817192486E9,84.47187373505193
1.40697382283516E9,84.40573028471158
1.406973828401815E9,84.40573028471158
1.406973833808282E9,82.29990463023192
1.406973839065874E9,84.40573028471158
1.406973844569255E9,82.29990463023192
1.406973849895125E9,84.40573028471158
1.40697385526352E9,84.40573028471158
1.40697386040808E9,84.47187373505193
1.406973865618776E9,82.29990463023192
1.40697387120018E9,82.29990463023192
1.406973876770953E9,82.29990463023192
1.406973881748029E9,82.29990463023192
1.406973887393408E9,82.29990463023192
1.406973892632212E9,80.19407385670875
1.406973898198646E9,82.29990463023192
1.406973903330708E9,80.19407385670875
1.406973908692947E9,82.29990463023192
1.406973914272577E9,80.19407385670875
1.406973919796373E9,82.29990463023192
1.406973924808559E9,80.19407385670875
1.406973930286485E9,84.47187373505193
1.406973935828758E9,80.19407385670875
1.406973941042304E9,82.29990463023192
1.406973946413896E9,84.47187373505193
1.406973951877705E9,80.19407385670875
1.406973957477008E9,82.36604296152876
1.406973962456774E9,80.19407385670875
1.406973968386152E9,80.2602070689621
1.406973973995565E9,80.19407385670875
1.406973979358955E9,80.19407385670875
1.406973984300538E9,82.36604296152876
1.406973989944247E9,80.19407385670875
1.406973996030614E9,80.2602070689621
1.406974001370457E9,80.19407385670875
1.406974006179803E9,80.19407385670875
1.406974011637725E9,80.19407385670875
1.406974017245111E9,78.0882379641421
1.406974022742556E9,82.36604296152876
1.406974028199714E9,78.0882379641421
1.406974033124275E9,80.19407385670875
1.406974038814707E9,80.2602070689621
1.406974044576889E9,78.0882379641421
1.406974049846488E9,78.0882379641421
1.406974055014012E9,82.36604296152876
1.406974060526743E9,80.19407385670875
1.406974065997884E9,82.36604296152876
1.406974070915133E9,78.0882379641421
1.406974075917685E9,80.19407385670875
1.406974081227127E9,78.0882379641421
1.40697408678802E9,80.19407385670875
1.406974092120026E9,78.0882379641421
1.406974097253271E9,80.2602070689621
1.406974102615954E9,78.0882379641421
1.406974107705844E9,78.0882379641421
1.406974113520068E9,78.0882379641421
1.406974119203599E9,78.0882379641421
1.406974124579887E9,2.1719691048200125
1.406974129436591E9,0.0
1.406974134452931E9,2.274736548772909
1.406974140063719E9,0.0
1.406974146496204E9,0.0
1.406974151454672E9,0.0
1.406974156439669E9,2.274736548772909
1.406974161456567E9,0.0
1.406974167439339E9,4.446705653592922
1.406974172852917E9,2.274736548772909
1.406974178350546E9,0.0
1.406974183568087E9,4.446705653592922
1.406974189184826E9,2.274736548772909
1.406974194975135E9,2.274736548772909
1.406974199879615E9,0.0
1.406974205056148E9,2.274736548772909
1.406974210621969E9,2.1719691048200125
1.406974216027508E9,0.0
1.40697422119404E9,2.274736548772909
1.406974226449622E9,2.1719691048200125
1.406974231655141E9,2.274736548772909
1.406974237240508E9,4.446705653592922
1.40697424238727E9,0.0
1.40697424786659E9,0.0
1.406974253439611E9,2.1719691048200125
1.406974258896134E9,0.0
1.406974263729234E9,2.274736548772909
1.406974268962179E9,2.1719691048200125
1.406974274364789E9,0.0
1.406974280344406E9,2.1719691048200125
1.406974285725699E9,0.0
1.406974291026299E9,2.274736548772909
1.406974296222013E9,4.446705653592922
1.40697430187088E9,0.0
1.40697430722716E9,4.446705653592922
1.406974312480487E9,0.0
1.406974317825772E9,2.1719691048200125
1.406974323495626E9,2.274736548772909
1.406974328497106E9,2.274736548772909
1.406974333765906E9,2.1719691048200125
1.406974338947779E9,2.274736548772909
1.406974345254867E9,4.446705653592922
1.406974350787179E9,2.274736548772909
1.40697435602284E9,0.0
1.406974361281474E9,4.446705653592922
1.4069743666432E9,2.274736548772909
1.406974371942582E9,0.0
1.406974377263037E9,2.274736548772909
1.40697438235531E9,0.0
1.406974387780246E9,2.1719691048200125
1.406974393370796E9,4.446705653592922
1.406974398890251E9,2.274736548772909
1.40697440408088E9,2.1719691048200125
1.406974409328474E9,2.274736548772909
1.406974414469175E9,2.274736548772909
1.406974419675413E9,4.446705653592922
1.406974424938991E9,0.0
1.406974430150215E9,2.274736548772909
1.406974436131135E9,4.446705653592922
1.406974441588767E9,0.0
1.406974446783929E9,0.0
1.406974452202803E9,4.446705653592922
1.406974457657363E9,2.274736548772909
1.40697446312768E9,2.1719691048200125
1.406974468248382E9,2.274736548772909
1.406974474267107E9,2.274736548772909
1.406974479361394E9,2.1719691048200125
1.406974484539076E9,2.274736548772909
1.406974489769611E9,4.446705653592922
1.406974495190233E9,0.0
1.406974500780746E9,2.1719691048200125
1.406974506189584E9,0.0
1.406974511042533E9,2.274736548772909
1.406974516739411E9,4.446705653592922
1.406974522474021E9,0.0
1.406974528073533E9,0.0
1.406974533445041E9,4.446705653592922
1.406974538847674E9,2.274736548772909
1.406974544291319E9,0.0
1.40697454944985E9,2.274736548772909
1.406974554296136E9,2.1719691048200125
1.406974559740648E9,0.0
1.406974565166576E9,2.1719691048200125
1.406974570906711E9,0.0
1.406974575996367E9,2.274736548772909
1.406974581248034E9,2.1719691048200125
1.406974587771668E9,4.446705653592922
1.406974592984694E9,0.0
1.406974599582827E9,0.0
1.406974604981695E9,0.0
1.406974610655303E9,2.274736548772909
1.406974616063619E9,2.274736548772909
1.406974621317931E9,0.0
1.406974626466894E9,2.274736548772909
1.40697463157918E9,2.1719691048200125
1.406974636752516E9,0.0
1.40697464203721E9,4.446705653592922
1.406974647289915E9,0.0
1.406974652768406E9,0.0
1.406974657857735E9,4.446705653592922
1.406974663431725E9,0.0
1.406974668859055E9,2.1719691048200125
1.406974674614621E9,2.274736548772909
1.406974679816448E9,2.274736548772909
1.406974684955913E9,4.446705653592922
1.406974690274431E9,0.0
1.406974695610978E9,2.274736548772909
1.406974700546106E9,2.274736548772909
1.406974706013723E9,0.0
1.406974711772345E9,2.1719691048200125
1.406974717161782E9,2.274736548772909
1.406974722331566E9,0.0
1.406974727647152E9,2.274736548772909
1.406974734549882E9,0.0
1.406974739793354E9,2.1719691048200125
1.406974745371882E9,2.274736548772909
1.406974750528405E9,0.0
1.406974755868058E9,0.0
1.406974761194284E9,2.274736548772909
1.406974766769339E9,4.446705653592922
1.406974772058658E9,0.0
1.406974777327075E9,2.274736548772909
1.40697478300852E9,2.274736548772909
1.40697478845375E9,2.274736548772909
1.406974793383853E9,0.0
1.406974798307794E9,4.446705653592922
1.406974803822975E9,2.274736548772909
1.406974809579761E9,2.1719691048200125
1.406974814907302E9,0.0
1.406974820126875E9,4.446705653592922
1.406974825306614E9,0.0
1.406974831305227E9,0.0
1.406974836952387E9,0.0
1.406974841902594E9,2.274736548772909
1.406974847432264E9,2.1719691048200125
1.406974853317687E9,0.0
1.406974858451534E9,4.446705653592922
1.406974863488044E9,0.0
1.406974868541448E9,2.274736548772909
1.406974873917145E9,4.446705653592922
1.406974879602898E9,0.0
1.406974884705795E9,0.0
1.406974890153023E9,2.274736548772909
1.40697489590556E9,2.274736548772909
1.406974901396937E9,2.1719691048200125
1.406974906583509E9,2.274736548772909
1.40697491196695E9,2.274736548772909
1.406974917384435E9,2.1719691048200125
1.406974922852463E9,0.0
1.406974927964593E9,0.0
1.4069749331712E9,4.446705653592922
1.406974938475821E9,2.274736548772909
1.406974943778363E9,2.1719691048200125
1.406974949315296E9,2.274736548772909
1.406974954352407E9,0.0
1.406974959470681E9,2.274736548772909
1.406974964677329E9,2.1719691048200125
1.406974970063515E9,0.0
1.40697497531882E9,2.274736548772909
1.406974981429569E9,2.274736548772909
1.406974986529922E9,2.274736548772909
1.406974991808231E9,2.1719691048200125
1.406974997226978E9,2.274736548772909
1.406975002590392E9,0.0
1.406975008230607E9,2.274736548772909
1.406975013378301E9,0.0
1.406975018739625E9,2.1719691048200125
1.406975024628539E9,2.274736548772909
1.406975029776898E9,2.274736548772909
1.406975035078622E9,0.0
1.406975041065982E9,0.0
1.406975046879809E9,0.0
1.406975051907219E9,2.274736548772909
1.406975057089815E9,2.274736548772909
1.406975062243906E9,2.1719691048200125
1.406975067907781E9,0.0
1.406975072863198E9,2.274736548772909
1.40697507831597E9,2.1719691048200125
1.40697508371491E9,0.0
1.406975089277276E9,2.274736548772909
1.406975094643535E9,2.1719691048200125
1.406975100114289E9,0.0
1.406975105655849E9,4.446705653592922
1.406975111284355E9,2.274736548772909
1.406975116314705E9,2.1719691048200125
1.40697512152857E9,2.274736548772909
1.406975126840898E9,2.274736548772909
1.406975132568743E9,2.1719691048200125
1.406975137895042E9,0.0
1.406975142909748E9,2.274736548772909
1.4069751483741E9,2.1719691048200125
1.406975153867755E9,0.0
1.406975159128212E9,4.446705653592922
1.406975164598034E9,0.0
1.406975169909486E9,2.274736548772909
1.406975175286339E9,2.1719691048200125
1.406975180712614E9,0.0
1.406975186130081E9,2.274736548772909
1.406975191478642E9,0.0
1.406975196615334E9,2.274736548772909
1.406975202009789E9,4.446705653592922
1.406975207515455E9,0.0
1.406975213107255E9,2.1719691048200125
1.40697521815074E9,2.274736548772909
1.40697522328706E9,0.0
1.406975228647813E9,4.446705653592922
1.406975234133093E9,2.274736548772909
1.406975239780231E9,4.446705653592922
1.406975244865182E9,0.0
1.406975250432704E9,2.274736548772909
1.406975255888169E9,4.446705653592922
1.406975261434843E9,0.0
1.406975266785262E9,2.1719691048200125
1.406975272063839E9,2.274736548772909
1.406975277440802E9,0.0
1.406975282755935E9,2.1719691048200125
1.406975287680501E9,2.274736548772909
1.406975293194973E9,0.0
1.406975298724693E9,2.1719691048200125
1.40697530443122E9,0.0
1.406975309313315E9,2.274736548772909
1.406975314842631E9,4.446705653592922
1.406975320118035E9,0.0
1.406975325484793E9,2.274736548772909
1.406975330964067E9,4.446705653592922
1.406975336203616E9,0.0
1.406975341377125E9,2.274736548772909
1.406975346555549E9,2.274736548772909
1.406975352320225E9,2.274736548772909
1.406975357372547E9,0.0
1.406975362849146E9,0.0
1.406975368490965E9,2.274736548772909
1.406975374201244E9,4.446705653592922
1.406975379040937E9,0.0
1.406975384052282E9,2.274736548772909
1.406975389340073E9,0.0
1.406975395314588E9,2.274736548772909
1.406975401163835E9,4.446705653592922
1.406975406389232E9,0.0
1.406975411550851E9,2.274736548772909
1.406975416791374E9,4.446705653592922
1.406975422222362E9,0.0
1.406975427617039E9,2.274736548772909
1.406975432863156E9,2.1719691048200125
1.406975438005026E9,2.274736548772909
1.406975443367583E9,0.0
1.406975449114201E9,2.1719691048200125
1.406975454439674E9,2.274736548772909
1.406975459695186E9,2.274736548772909
1.406975465517874E9,2.1719691048200125
1.406975471214288E9,2.274736548772909
1.406975476268081E9,2.1719691048200125
1.406975481147412E9,2.274736548772909
1.40697548708962E9,2.274736548772909
1.406975492588687E9,2.1719691048200125
1.406975497773947E9,0.0
1.406975502778595E9,4.446705653592922
1.406975508346541E9,2.274736548772909
1.406975514129937E9,2.274736548772909
1.406975519369311E9,2.1719691048200125
1.406975524553003E9,2.274736548772909
1.406975529923541E9,2.274736548772909
1.406975535358513E9,2.1719691048200125
1.406975540465409E9,0.0
1.4069755460231E9,4.446705653592922
1.406975551355674E9,0.0
1.406975557165355E9,2.274736548772909
1.406975562328104E9,0.0
1.406975567149964E9,2.274736548772909
1.406975572432408E9,0.0
1.406975578394108E9,0.0
1.406975583885041E9,0.0
1.406975588788469E9,4.446705653592922
1.406975594057276E9,0.0
1.406975599690692E9,2.274736548772909
1.406975605549497E9,4.446705653592922
1.40697561066988E9,2.274736548772909
1.406975616245628E9,2.274736548772909
1.40697562196589E9,2.274736548772909
1.406975626940677E9,0.0
1.406975632080087E9,4.446705653592922
1.406975637405974E9,0.0
1.406975643064087E9,0.0
1.406975648358461E9,4.446705653592922
1.406975653906506E9,2.274736548772909
1.406975659137018E9,4.446705653592922
1.406975664601325E9,0.0
1.406975669846133E9,0.0
1.406975675301657E9,4.446705653592922
1.406975680978788E9,2.274736548772909
1.406975686334773E9,0.0
1.406975691299355E9,2.274736548772909
1.406975696571598E9,0.0
1.406975702190382E9,0.0
1.406975707663763E9,2.274736548772909
1.406975712631492E9,0.0
1.40697571796079E9,2.274736548772909
1.406975723294888E9,2.1719691048200125
1.406975728787855E9,0.0
1.40697573386135E9,4.446705653592922
1.406975739727842E9,0.0
1.406975744900459E9,0.0
1.406975750127279E9,2.1719691048200125
1.406975755530927E9,2.274736548772909
1.406975762016409E9,0.0
1.40697576722485E9,2.274736548772909
1.406975773079446E9,4.446705653592922
1.406975778846407E9,2.274736548772909
1.406975784210839E9,0.0
1.406975789364191E9,4.446705653592922
1.406975794725339E9,2.274736548772909
1.406975799942279E9,0.0
1.406975805238862E9,4.446705653592922
1.406975810650736E9,0.0
1.406975815590414E9,4.446705653592922
1.406975820830321E9,0.0
1.406975826358995E9,2.274736548772909
1.406975831950617E9,4.446705653592922
1.406975837066878E9,0.0
1.406975842324138E9,2.274736548772909
1.4069758475332E9,0.0
1.406975853557751E9,0.0
1.406975858827337E9,0.0
1.406975864001573E9,4.446705653592922
1.406975869356606E9,0.0
1.40697587627211E9,0.0
1.40697588118756E9,2.274736548772909
1.406975886185838E9,0.0
1.406975891909694E9,0.0
1.406975897619481E9,2.274736548772909
1.406975903148152E9,2.274736548772909
1.406975908293641E9,0.0
1.406975913906128E9,2.1719691048200125
1.406975919569661E9,2.274736548772909
1.406975925076078E9,4.446705653592922
1.406975930252384E9,2.274736548772909
1.406975935552101E9,0.0
1.406975941205287E9,2.1719691048200125
1.406975946356769E9,2.274736548772909
1.406975951972895E9,2.274736548772909
1.406975957340492E9,2.1719691048200125
1.406975963104995E9,0.0
1.406975968186411E9,4.446705653592922
1.406975973290008E9,0.0
1.406975978609634E9,2.274736548772909
1.406975984017078E9,0.0
1.406975989708593E9,4.446705653592922
1.406975996417398E9,0.0
1.406976002006011E9,0.0
1.406976007118388E9,2.274736548772909
1.406976012016712E9,2.1719691048200125
1.406976017601485E9,2.274736548772909
1.406976022983146E9,2.274736548772909
1.406976028155588E9,2.1719691048200125
1.406976033292994E9,2.274736548772909
1.406976038598949E9,0.0
1.406976044144012E9,2.1719691048200125
1.406976049442918E9,2.274736548772909
1.406976054967443E9,2.1719691048200125
1.406976060348246E9,2.274736548772909
1.406976065638413E9,0.0
1.406976071050919E9,2.1719691048200125
1.406976075966395E9,2.274736548772909
1.40697608169817E9,0.0
1.406976087446839E9,760.1112080856991
1.406976092845104E9,92.8289817121953
1.406976098023874E9,95.00095081701531
1.406976103440144E9,94.93478177145748
1.406976108436733E9,97.04057671167617
1.406976113893147E9,94.93478177145748
1.406976119623419E9,94.93478177145748
1.406976124988016E9,97.10675087627749
1.406976130030795E9,94.93478177145748
1.406976135495674E9,94.93478177145748
1.406976140915262E9,95.00095081701531
1.406976146427846E9,90.72317653388961
1.406976151844082E9,92.89514563870962
1.406976157543838E9,90.72317653388961
1.406976163825354E9,88.61736623654045
1.406976168839568E9,88.61736623654045
1.406976174182694E9,88.61736623654045
1.406976180207317E9,86.51155082014776
1.406976185748757E9,88.68351992496777
1.406976190667412E9,84.40573028471158
1.406976195947194E9,84.40573028471158
1.406976201953608E9,86.57769938953159
1.406976207204941E9,84.40573028471158
1.406976212438796E9,84.40573028471158
1.406976217925165E9,84.40573028471158
1.406976223703786E9,82.29990463023192
1.40697622901759E9,86.57769938953159
1.40697623440694E9,82.29990463023192
1.406976239695461E9,82.29990463023192
1.406976245136391E9,82.29990463023192
1.406976250594756E9,82.29990463023192
1.406976257106406E9,82.29990463023192
1.406976262042653E9,82.29990463023192
1.406976267302308E9,84.47187373505193
1.406976272768779E9,82.29990463023192
1.406976278571292E9,84.47187373505193
1.406976283976187E9,82.29990463023192
1.406976289177702E9,82.29990463023192
1.406976294551944E9,84.47187373505193
1.406976299850643E9,82.29990463023192
1.406976305162097E9,82.29990463023192
1.40697631043064E9,84.47187373505193
1.406976316102334E9,82.29990463023192
1.406976321452058E9,82.29990463023192
1.40697632663115E9,84.47187373505193
1.406976332068909E9,82.29990463023192
1.406976337370518E9,82.29990463023192
1.406976342559984E9,82.29990463023192
1.406976347990278E9,82.29990463023192
1.406976353391361E9,82.29990463023192
1.406976358838658E9,84.47187373505193
1.406976364085379E9,82.29990463023192
1.406976369492511E9,84.40573028471158
1.406976374863929E9,82.29990463023192
1.406976380558786E9,82.29990463023192
1.406976385823373E9,86.57769938953159
1.406976391139008E9,82.29990463023192
1.406976396315132E9,82.29990463023192
1.40697640153001E9,82.29990463023192
1.406976406667562E9,82.29990463023192
1.406976412026133E9,84.40573028471158
1.40697641743733E9,86.57769938953159
1.406976422652157E9,82.29990463023192
1.406976428154732E9,82.29990463023192
1.406976433194211E9,86.57769938953159
1.406976438448768E9,82.29990463023192
1.406976443815251E9,86.57769938953159
1.40697644938567E9,84.40573028471158
1.406976455195043E9,82.29990463023192
1.406976460404377E9,84.47187373505193
1.406976465642767E9,82.29990463023192
1.406976471076114E9,82.29990463023192
1.406976476645928E9,84.47187373505193
1.406976482150027E9,82.29990463023192
1.406976487447326E9,82.29990463023192
1.406976492423117E9,82.36604296152876
1.406976497877963E9,82.29990463023192
1.406976502970085E9,84.47187373505193
1.406976508291469E9,80.19407385670875
1.406976513677406E9,80.19407385670875
1.406976518858007E9,84.47187373505193
1.406976524458382E9,80.19407385670875
1.406976529737063E9,80.19407385670875
1.406976534675466E9,82.36604296152876
1.406976540253664E9,80.19407385670875
1.406976545656025E9,80.19407385670875
1.406976551133629E9,82.36604296152876
1.406976556312655E9,80.19407385670875
1.406976561753392E9,82.36604296152876
1.406976566957181E9,80.19407385670875
1.406976572494571E9,80.19407385670875
1.406976578233143E9,82.36604296152876
1.406976583466854E9,80.19407385670875
1.406976588822307E9,80.2602070689621
1.406976594117842E9,78.0882379641421
1.406976599473334E9,80.19407385670875
1.406976604613841E9,80.19407385670875
1.406976610104007E9,78.0882379641421
1.40697661544303E9,80.19407385670875
1.406976620664428E9,78.0882379641421
1.406976625742283E9,78.0882379641421
1.406976631100451E9,80.2602070689621
1.406976636407421E9,78.0882379641421
1.406976642015873E9,80.2602070689621
1.406976647509292E9,78.0882379641421
1.406976653233032E9,78.0882379641421
1.406976658697165E9,80.2602070689621
1.406976663985587E9,78.0882379641421
1.406976669241509E9,78.0882379641421
1.406976674567938E9,80.19407385670875
1.406976679975558E9,78.0882379641421
1.406976685350135E9,78.0882379641421
1.406976690653659E9,80.2602070689621
1.406976695846411E9,78.0882379641421
1.406976701098925E9,78.0882379641421
1.406976706987043E9,0.0
1.406976712223876E9,2.274736548772909
1.406976717420631E9,0.0
1.406976722691899E9,0.0
1.406976728149497E9,2.274736548772909
1.406976733497139E9,2.1719691048200125
1.406976738828609E9,0.0
1.406976744569968E9,2.274736548772909
1.406976749712784E9,4.446705653592922
1.406976754957764E9,0.0
1.406976759842689E9,2.274736548772909
1.40697676525055E9,2.1719691048200125
1.406976770808869E9,0.0
1.406976775947404E9,2.274736548772909
1.406976781026672E9,2.1719691048200125
1.406976786495713E9,2.274736548772909
1.406976792007128E9,2.274736548772909
1.406976797423663E9,0.0
1.406976802899189E9,0.0
1.406976808217804E9,4.446705653592922
1.406976813622501E9,0.0
1.406976818971798E9,2.1719691048200125
1.406976824287271E9,2.274736548772909
1.406976829509894E9,0.0
1.406976834921465E9,2.1719691048200125
1.406976840320455E9,2.274736548772909
1.40697684681968E9,2.1719691048200125
1.406976851935978E9,2.274736548772909
1.406976857409046E9,0.0
1.406976862705574E9,2.274736548772909
1.406976867801109E9,2.274736548772909
1.40697687295862E9,0.0
1.406976878107153E9,2.274736548772909
1.406976883281632E9,2.1719691048200125
1.406976888522945E9,2.274736548772909
1.40697689411954E9,2.274736548772909
1.406976899425466E9,2.1719691048200125
1.406976904916732E9,0.0
1.406976910614922E9,2.274736548772909
1.40697691579452E9,2.274736548772909
1.406976920903226E9,0.0
1.40697692623766E9,2.274736548772909
1.406976931566415E9,2.1719691048200125
1.406976936902718E9,0.0
1.406976942534493E9,2.274736548772909
1.406976947810958E9,0.0
1.406976953252656E9,0.0
1.406976958551334E9,4.446705653592922
1.406976964114521E9,0.0
1.406976969278111E9,2.274736548772909
1.406976974780771E9,2.274736548772909
1.406976980067274E9,0.0
1.406976985420771E9,4.446705653592922
1.406976990861433E9,2.274736548772909
1.406976996206906E9,2.1719691048200125
1.406977001709583E9,2.274736548772909
1.406977006993148E9,2.274736548772909
1.406977012893707E9,2.274736548772909
1.406977018107222E9,0.0
1.406977023294735E9,2.274736548772909
1.406977028659275E9,2.1719691048200125
1.406977034303123E9,2.274736548772909
1.406977039796549E9,2.274736548772909
1.406977044940769E9,2.1719691048200125
1.406977050112491E9,2.274736548772909
1.406977056148597E9,4.446705653592922
1.406977061350787E9,2.1719691048200125
1.406977066312186E9,2.274736548772909
1.406977071312949E9,0.0
1.406977076784209E9,0.0
1.406977082652902E9,2.274736548772909
1.406977087738899E9,4.446705653592922
1.406977093002155E9,2.274736548772909
1.406977098714362E9,0.0
1.406977104471055E9,2.1719691048200125
1.406977109740417E9,0.0
1.406977114746924E9,2.274736548772909
1.406977120008682E9,2.1719691048200125
1.406977125727378E9,2.274736548772909
1.406977131117737E9,2.274736548772909
1.406977136417376E9,2.1719691048200125
1.406977141984938E9,0.0
1.406977147548621E9,4.446705653592922
1.406977152650137E9,0.0
1.406977157839691E9,0.0
1.406977163362744E9,4.446705653592922
1.406977168875816E9,2.274736548772909
1.406977174252085E9,0.0
1.406977179398628E9,2.274736548772909
1.406977184973356E9,2.274736548772909
1.406977190220963E9,0.0
1.406977195589673E9,2.274736548772909
1.4069772010981E9,2.274736548772909
1.40697720682583E9,2.274736548772909
1.406977211906089E9,0.0
1.406977217173307E9,0.0
1.406977222449512E9,4.446705653592922
1.406977228300273E9,2.274736548772909
1.406977233376396E9,2.1719691048200125
1.406977238583833E9,2.274736548772909
1.406977243991257E9,2.274736548772909
1.40697724981702E9,2.274736548772909
1.406977254898849E9,0.0
1.406977260233915E9,2.274736548772909
1.406977266152628E9,2.274736548772909
1.406977272291377E9,2.274736548772909
1.406977277302076E9,2.1719691048200125
1.406977282516143E9,2.274736548772909
1.406977287699616E9,2.274736548772909
1.406977292861322E9,4.446705653592922
1.406977298145267E9,0.0
1.406977303324297E9,2.274736548772909
1.406977308656377E9,2.1719691048200125
1.406977314125515E9,0.0
1.406977319390436E9,2.1719691048200125
1.406977324234102E9,0.0
1.406977329894287E9,2.274736548772909
1.406977336835013E9,0.0
1.406977342313005E9,4.446705653592922
1.406977347552037E9,0.0
1.406977353075705E9,2.1719691048200125
1.406977358564385E9,2.274736548772909
1.406977364081985E9,2.274736548772909
1.406977369215489E9,2.1719691048200125
1.406977374342885E9,0.0
1.406977379532277E9,2.274736548772909
1.406977384580445E9,4.446705653592922
1.406977389826623E9,0.0
1.406977395369044E9,2.274736548772909
1.406977401157441E9,4.446705653592922
1.406977406149964E9,0.0
1.40697741114054E9,2.274736548772909
1.406977416669397E9,0.0
1.406977422414809E9,2.274736548772909
1.406977428247373E9,2.274736548772909
1.406977433103615E9,0.0
1.406977438315082E9,2.274736548772909
1.406977443401403E9,0.0
1.40697744899757E9,0.0
1.406977454238091E9,0.0
1.406977459398181E9,2.274736548772909
1.40697746456173E9,2.274736548772909
1.406977469955718E9,0.0
1.406977475116325E9,2.274736548772909
1.406977480673937E9,2.1719691048200125
1.406977486125536E9,2.274736548772909
1.406977491558379E9,2.1719691048200125
1.406977496851397E9,0.0
1.406977502153635E9,2.274736548772909
1.406977507961521E9,2.274736548772909
1.406977513983627E9,2.274736548772909
1.406977519313486E9,2.1719691048200125
1.406977524218115E9,2.274736548772909
1.406977529707662E9,2.274736548772909
1.406977535143613E9,2.274736548772909
1.406977540351872E9,0.0
1.406977545569463E9,2.274736548772909
1.406977550788437E9,2.274736548772909
1.406977556542134E9,0.0
1.406977561882839E9,2.1719691048200125
1.406977567040463E9,2.274736548772909
1.406977572479202E9,2.274736548772909
1.40697757755975E9,0.0
1.40697758304886E9,0.0
1.406977588577103E9,2.274736548772909
1.406977593826575E9,4.446705653592922
1.406977599105973E9,0.0
1.406977604671522E9,2.274736548772909
1.406977609962024E9,0.0
1.406977615209753E9,2.274736548772909
1.406977620592414E9,2.1719691048200125
1.406977625978462E9,0.0
1.406977631407499E9,2.274736548772909
1.406977636336702E9,0.0
1.406977641910069E9,2.274736548772909
1.406977647135833E9,0.0
1.406977652780917E9,2.274736548772909
1.406977658312762E9,2.274736548772909
1.40697766374349E9,2.1719691048200125
1.406977668984362E9,0.0
1.406977674268389E9,2.274736548772909
1.406977679555226E9,0.0
1.406977684843626E9,0.0
1.406977690297686E9,2.274736548772909
1.406977695702344E9,4.446705653592922
1.40697770064786E9,2.274736548772909
1.406977706164912E9,0.0
1.406977711552455E9,2.274736548772909
1.406977716779191E9,2.274736548772909
1.406977722307229E9,2.1719691048200125
1.406977727711134E9,0.0
1.406977733121833E9,2.274736548772909
1.40697773863717E9,2.1719691048200125
1.406977743794731E9,0.0
1.406977748861046E9,2.274736548772909
1.406977754460622E9,4.446705653592922
1.406977760440515E9,2.274736548772909
1.406977765322177E9,0.0
1.406977770609254E9,4.446705653592922
1.406977776115241E9,2.274736548772909
1.406977781442648E9,2.1719691048200125
1.406977786851117E9,0.0
1.406977792088961E9,2.274736548772909
1.406977797170034E9,4.446705653592922
1.406977802008583E9,0.0
1.406977807324807E9,2.274736548772909
1.406977812794415E9,2.1719691048200125
1.406977818211382E9,0.0
1.406977823112643E9,2.274736548772909
1.406977828771752E9,2.274736548772909
1.406977834124006E9,0.0
1.406977839778388E9,4.446705653592922
1.40697784500395E9,2.274736548772909
1.406977850527589E9,0.0
1.406977856158264E9,2.1719691048200125
1.40697786135101E9,2.274736548772909
1.406977866696376E9,2.274736548772909
1.406977872143674E9,2.274736548772909
1.40697787726148E9,0.0
1.40697788248592E9,2.274736548772909
1.406977887618416E9,2.1719691048200125
1.406977892729943E9,0.0
1.406977898080569E9,2.274736548772909
1.406977903989987E9,2.274736548772909
1.406977909216685E9,0.0
1.40697791435519E9,4.446705653592922
1.406977919650807E9,2.274736548772909
1.406977926176388E9,2.1719691048200125
1.406977931844551E9,0.0
1.406977936826297E9,2.274736548772909
1.406977942053138E9,2.1719691048200125
1.40697794718962E9,2.274736548772909
1.406977953105884E9,2.274736548772909
1.406977958863757E9,2.274736548772909
1.406977964132286E9,0.0
1.406977969592872E9,2.274736548772909
1.406977975160101E9,0.0
1.406977980430752E9,2.274736548772909
1.406977985635971E9,2.1719691048200125
1.406977991365065E9,0.0
1.406977996589704E9,2.274736548772909
1.406978001813497E9,2.274736548772909
1.406978007169141E9,0.0
1.40697801265202E9,2.274736548772909
1.406978018127853E9,0.0
1.406978023377295E9,2.274736548772909
1.40697802888793E9,2.274736548772909
1.406978034232523E9,0.0
1.406978039514046E9,2.274736548772909
1.406978044964121E9,2.274736548772909
1.406978050980462E9,4.446705653592922
1.40697805613402E9,0.0
1.406978061440609E9,2.274736548772909
1.406978066578051E9,2.1719691048200125
1.406978072026696E9,0.0
1.406978077242709E9,2.274736548772909
1.406978082621577E9,2.1719691048200125
1.406978087854093E9,0.0
1.406978093284902E9,2.274736548772909
1.406978098441677E9,4.446705653592922
1.406978103903927E9,2.274736548772909
1.406978109297213E9,0.0
1.406978114481153E9,4.446705653592922
1.406978119871408E9,2.274736548772909
1.406978125557878E9,2.1719691048200125
1.406978130941665E9,0.0
1.40697813593728E9,2.274736548772909
1.406978141259469E9,2.1719691048200125
1.406978146690061E9,2.274736548772909
1.406978152073642E9,2.274736548772909
1.406978157418384E9,2.1719691048200125
1.406978162825518E9,2.274736548772909
1.406978169585427E9,4.446705653592922
1.406978174826955E9,2.274736548772909
1.406978179819098E9,0.0
1.406978185602065E9,4.446705653592922
1.406978190722551E9,2.274736548772909
1.406978196029905E9,0.0
1.406978201311187E9,2.1719691048200125
1.406978206693244E9,2.274736548772909
1.406978212045999E9,2.274736548772909
1.406978217437273E9,2.1719691048200125
1.406978222917E9,0.0
1.406978228202467E9,2.274736548772909
1.406978233062695E9,0.0
1.4069782386568E9,2.274736548772909
1.406978244681341E9,4.446705653592922
1.406978249817277E9,0.0
1.406978255020297E9,2.274736548772909
1.406978260758602E9,0.0
1.406978266644665E9,0.0
1.40697827186816E9,0.0
1.406978277164455E9,2.274736548772909
1.406978282685797E9,0.0
1.4069782882924E9,4.446705653592922
1.406978293362094E9,0.0
1.406978298607876E9,2.274736548772909
1.406978304146581E9,2.274736548772909
1.406978309657055E9,0.0
1.406978314854137E9,2.1719691048200125
1.40697832019518E9,0.0
1.406978325486708E9,2.274736548772909
1.40697833141432E9,2.274736548772909
1.40697833700215E9,2.274736548772909
1.406978341816919E9,2.1719691048200125
1.406978347345689E9,2.274736548772909
1.406978353062323E9,2.274736548772909
1.406978358331053E9,2.1719691048200125
1.406978363576921E9,2.274736548772909
1.406978368754965E9,2.274736548772909
1.406978374198423E9,2.1719691048200125
1.406978379602403E9,2.274736548772909
1.406978384871519E9,2.1719691048200125
1.406978390258371E9,2.274736548772909
1.406978395447785E9,0.0
1.406978400724062E9,2.274736548772909
1.406978406147612E9,2.274736548772909
1.406978411637489E9,2.274736548772909
1.406978416883591E9,4.446705653592922
1.406978422327954E9,0.0
1.406978427656848E9,2.274736548772909
1.406978432996513E9,2.274736548772909
1.406978438624037E9,0.0
1.406978443949607E9,4.446705653592922
1.406978449580855E9,0.0
1.406978454903802E9,0.0
1.406978460179307E9,2.274736548772909
1.406978465884826E9,2.274736548772909
1.406978471484429E9,0.0
1.40697847662141E9,4.446705653592922
1.406978481762727E9,2.274736548772909
1.406978487237121E9,2.274736548772909
1.406978492587673E9,2.1719691048200125
1.406978497763349E9,0.0
1.406978503146887E9,2.274736548772909
1.406978508791712E9,2.274736548772909
1.406978514126693E9,0.0
1.40697851937135E9,2.274736548772909
1.406978524942728E9,2.274736548772909
1.40697853100079E9,2.274736548772909
1.406978536246101E9,2.1719691048200125
1.406978541201361E9,0.0
1.406978546694216E9,2.274736548772909
1.406978552482335E9,2.274736548772909
1.406978557580179E9,2.274736548772909
1.406978562995833E9,0.0
1.406978568718233E9,0.0
1.406978574415045E9,2.1719691048200125
1.406978579342441E9,2.274736548772909
1.406978584313289E9,0.0
1.406978590116106E9,2.1719691048200125
1.4069785961818E9,0.0
1.406978601391167E9,4.446705653592922
1.406978606362262E9,2.274736548772909
1.406978612233917E9,2.274736548772909
1.406978617918698E9,92.8289817121953
1.406978623122526E9,92.8289817121953
1.406978628289411E9,97.10675087627749
1.406978634099451E9,97.04057671167617
1.406978639334961E9,97.04057671167617
1.406978644350438E9,95.00095081701531
1.406978649495774E9,94.93478177145748
1.406978655054529E9,94.93478177145748
1.406978660328809E9,95.00095081701531
1.406978665759828E9,92.8289817121953
1.406978670839833E9,92.8289817121953
1.406978677119004E9,90.72317653388961
1.406978682394503E9,90.72317653388961
1.406978687562608E9,90.78933534136046
1.406978692840357E9,88.61736623654045
1.406978698443756E9,88.61736623654045
1.406978703818393E9,88.61736623654045
1.406978708967616E9,86.51155082014776
1.406978714048258E9,86.51155082014776
1.406978719321185E9,84.40573028471158
1.406978724979536E9,84.40573028471158
1.406978730499115E9,86.57769938953159
1.406978735539791E9,84.40573028471158
1.406978741144375E9,84.40573028471158
1.406978746291159E9,84.40573028471158
1.406978751635477E9,84.40573028471158
1.406978757201765E9,86.57769938953159
1.406978762691276E9,82.29990463023192
1.406978767768927E9,82.29990463023192
1.406978773280338E9,82.29990463023192
1.40697877859797E9,82.29990463023192
1.40697878398196E9,84.47187373505193
1.406978789273046E9,82.29990463023192
1.406978794506412E9,82.29990463023192
1.406978799687025E9,84.47187373505193
1.40697880505679E9,82.29990463023192
1.40697881001323E9,82.29990463023192
1.406978814956497E9,82.29990463023192
1.406978820661547E9,82.36604296152876
1.406978825958811E9,80.19407385670875
1.406978831223478E9,82.29990463023192
1.406978836082583E9,84.47187373505193
1.406978841354465E9,82.29990463023192
1.406978846720943E9,82.29990463023192
1.40697885196307E9,84.47187373505193
1.406978857119806E9,82.29990463023192
1.406978862189484E9,82.29990463023192
1.406978867650115E9,84.47187373505193
1.406978873070694E9,82.29990463023192
1.406978878471937E9,84.47187373505193
1.406978883892615E9,82.29990463023192
1.406978889351604E9,82.29990463023192
1.406978894234373E9,84.47187373505193
1.406978899611197E9,82.29990463023192
1.406978905095016E9,82.29990463023192
1.406978910988879E9,82.29990463023192
1.406978916134021E9,84.40573028471158
1.406978921299721E9,82.29990463023192
1.406978927058233E9,82.29990463023192
1.406978932754313E9,84.47187373505193
1.406978937918115E9,82.29990463023192
1.406978943391194E9,84.40573028471158
1.406978948893962E9,86.57769938953159
1.406978954003037E9,84.40573028471158
1.406978959106171E9,84.40573028471158
1.406978964975061E9,84.47187373505193
1.406978970995762E9,84.40573028471158
1.406978976423373E9,84.40573028471158
1.406978981434649E9,84.40573028471158
1.40697898674431E9,82.29990463023192
1.406978992079119E9,86.57769938953159
1.406978997285494E9,84.40573028471158
1.406979002210654E9,84.40573028471158
1.406979007532689E9,82.29990463023192
1.406979013627307E9,82.29990463023192
1.406979019170319E9,84.40573028471158
1.406979024036162E9,84.47187373505193
1.406979029397325E9,82.29990463023192
1.406979035817647E9,82.29990463023192
1.406979040978228E9,82.29990463023192
1.406979045906133E9,82.29990463023192
1.406979051561103E9,84.47187373505193
1.406979057289808E9,82.29990463023192
1.406979062214928E9,84.47187373505193
1.40697906773395E9,82.29990463023192
1.406979073854357E9,82.29990463023192
1.406979079127081E9,82.29990463023192
1.406979083986369E9,80.19407385670875
1.406979088986562E9,80.19407385670875
1.406979094475505E9,82.36604296152876
1.406979100456966E9,80.19407385670875
1.406979105562603E9,82.36604296152876
1.406979110579058E9,80.19407385670875
1.406979116237933E9,80.19407385670875
1.406979122468347E9,80.19407385670875
1.406979127395815E9,80.19407385670875
1.406979132762274E9,82.36604296152876
1.406979138220145E9,80.19407385670875
1.406979143932589E9,80.19407385670875
1.406979149099803E9,80.19407385670875
1.406979154294806E9,80.19407385670875
1.406979159447164E9,82.36604296152876
1.40697916486372E9,80.19407385670875
1.406979170651503E9,80.19407385670875
1.406979175866456E9,80.19407385670875
1.406979180972259E9,78.0882379641421
1.40697918631823E9,80.19407385670875
1.40697919211156E9,80.19407385670875
1.406979197429308E9,80.19407385670875
1.406979202596633E9,80.19407385670875
1.406979207734108E9,78.0882379641421
1.406979212996833E9,80.19407385670875
1.406979218291148E9,78.0882379641421
1.406979223736982E9,78.0882379641421
1.406979228890256E9,80.19407385670875
1.406979234204797E9,80.2602070689621
1.406979239562389E9,80.19407385670875
1.406979245089888E9,78.0882379641421
1.406979249950098E9,80.2602070689621
1.406979255489958E9,78.0882379641421
1.406979260863277E9,78.0882379641421
1.406979266497925E9,80.2602070689621
1.406979272258396E9,78.0882379641421
1.406979277513196E9,78.0882379641421
1.4069792829218E9,0.0
1.406979288241335E9,2.274736548772909
1.406979293366084E9,2.1719691048200125
1.406979298641386E9,2.274736548772909
1.4069793043795E9,2.274736548772909
1.406979309902312E9,2.274736548772909
1.406979314824877E9,0.0
1.406979320587554E9,2.274736548772909
1.40697932664325E9,2.274736548772909
1.406979332168749E9,4.446705653592922
1.406979337069131E9,0.0
1.406979342498112E9,2.274736548772909
1.406979348132509E9,4.446705653592922
1.406979353386064E9,0.0
1.406979358768366E9,2.274736548772909
1.406979364101356E9,2.274736548772909
1.406979369822542E9,0.0
1.406979375107283E9,2.1719691048200125
1.406979380220049E9,2.274736548772909
1.406979385582397E9,0.0
1.406979391598239E9,2.1719691048200125
1.406979396972719E9,0.0
1.406979402349151E9,2.274736548772909
1.406979407631483E9,2.1719691048200125
1.406979412749203E9,2.274736548772909
1.406979417899678E9,2.1719691048200125
1.406979423351252E9,2.274736548772909
1.406979428643843E9,0.0
1.40697943378571E9,2.1719691048200125
1.406979438909648E9,2.274736548772909
1.406979444359573E9,0.0
1.406979449413682E9,4.446705653592922
1.406979455032572E9,2.274736548772909
1.406979460454091E9,0.0
1.406979466125644E9,0.0
1.406979471494902E9,2.274736548772909
1.406979476905455E9,4.446705653592922
1.406979482514323E9,0.0
1.406979488214111E9,2.1719691048200125
1.406979493230397E9,2.274736548772909
1.406979498470893E9,0.0
1.406979503643895E9,2.274736548772909
1.406979509240988E9,2.274736548772909
1.406979515175479E9,2.274736548772909
1.406979520159249E9,4.446705653592922
1.406979525418685E9,0.0
1.406979530631297E9,2.274736548772909
1.406979536120877E9,2.274736548772909
1.406979541584359E9,0.0
1.406979546426753E9,2.274736548772909
1.40697955205498E9,2.274736548772909
1.406979557700119E9,0.0
1.406979563028021E9,2.1719691048200125
1.40697956815477E9,2.274736548772909
1.406979573448651E9,0.0
1.406979578720684E9,4.446705653592922
1.406979583960539E9,2.274736548772909
1.406979589144601E9,0.0
1.406979594576008E9,4.446705653592922
1.406979600144159E9,0.0
1.406979605374945E9,2.274736548772909
1.406979610242203E9,2.1719691048200125
1.406979615841915E9,0.0
1.406979621101582E9,2.274736548772909
1.406979626554004E9,0.0
1.406979632127704E9,0.0
1.406979637225216E9,4.446705653592922
1.406979642659453E9,0.0
1.406979648071145E9,0.0
1.406979653262322E9,4.446705653592922
1.406979658680377E9,0.0
1.406979663893764E9,0.0
1.406979669778551E9,2.274736548772909
1.406979675193479E9,2.274736548772909
1.406979680504456E9,2.1719691048200125
1.406979685596991E9,2.274736548772909
1.406979690927954E9,0.0
1.406979696271766E9,4.446705653592922
1.406979701533831E9,0.0
1.406979706828324E9,0.0
1.406979712096816E9,4.446705653592922
1.406979717509439E9,0.0
1.406979722718263E9,2.274736548772909
1.406979728067475E9,4.446705653592922
1.406979733722044E9,0.0
1.406979739219158E9,2.1719691048200125
1.406979744540053E9,2.274736548772909
1.406979749622669E9,0.0
1.406979754974337E9,2.1719691048200125
1.406979760745856E9,2.274736548772909
1.406979766393726E9,4.446705653592922
1.406979771558902E9,0.0
1.406979776742809E9,2.274736548772909
1.406979781945809E9,4.446705653592922
1.406979787205743E9,0.0
1.406979792545132E9,2.274736548772909
1.406979797918676E9,2.274736548772909
1.406979803242203E9,0.0
1.406979808518553E9,2.274736548772909
1.406979813648119E9,2.1719691048200125
1.406979818827551E9,0.0
1.406979823843316E9,4.446705653592922
1.406979829691903E9,0.0
1.40697983542557E9,0.0
1.40697984052378E9,2.274736548772909
1.406979845565058E9,0.0
1.406979851133139E9,2.1719691048200125
1.406979857065752E9,2.274736548772909
1.406979862357386E9,2.274736548772909
1.406979867668321E9,4.446705653592922
1.406979873133015E9,2.274736548772909
1.406979878799991E9,4.446705653592922
1.406979883707065E9,0.0
1.406979888655482E9,2.274736548772909
1.406979894863639E9,2.1719691048200125
1.406979900464729E9,0.0
1.406979905590741E9,2.274736548772909
1.406979910770339E9,2.1719691048200125
1.406979916419936E9,0.0
1.406979921849368E9,2.274736548772909
1.406979927177019E9,2.1719691048200125
1.406979932768492E9,2.274736548772909
1.406979938284337E9,2.274736548772909
1.406979943667002E9,2.1719691048200125
1.406979948611415E9,0.0
1.406979953977772E9,4.446705653592922
1.406979959865349E9,2.274736548772909
1.406979964854508E9,0.0
1.406979969893326E9,4.446705653592922
1.406979975223931E9,0.0
1.406979980817561E9,0.0
1.406979986400344E9,2.1719691048200125
1.406979991569861E9,2.274736548772909
1.406979996745184E9,2.274736548772909
1.406980002725988E9,2.1719691048200125
1.406980007821312E9,0.0
1.406980013045341E9,2.274736548772909
1.40698001829243E9,2.274736548772909
1.406980023534932E9,0.0
1.406980029072706E9,2.1719691048200125
1.406980034344002E9,2.274736548772909
1.406980039679739E9,0.0
1.406980046888335E9,0.0
1.406980052164916E9,2.1719691048200125
1.406980057296989E9,2.274736548772909
1.406980062498195E9,0.0
1.406980067686868E9,2.274736548772909
1.406980073098305E9,2.274736548772909
1.406980078506939E9,0.0
1.406980083988067E9,2.1719691048200125
1.406980089663001E9,2.274736548772909
1.406980095013497E9,4.446705653592922
1.406980100153027E9,0.0
1.406980105330535E9,2.274736548772909
1.406980110923847E9,2.1719691048200125
1.406980116137705E9,2.274736548772909
1.40698012120023E9,0.0
1.406980126755154E9,2.1719691048200125
1.406980131931917E9,2.274736548772909
1.406980137438786E9,0.0
1.406980142680579E9,0.0
1.406980148140959E9,2.274736548772909
1.406980153823556E9,2.274736548772909
1.406980159144245E9,2.274736548772909
1.406980164304434E9,0.0
1.406980169735099E9,2.274736548772909
1.40698017558646E9,2.274736548772909
1.406980182155178E9,0.0
1.406980187484824E9,0.0
1.406980193007243E9,2.1719691048200125
1.406980199308655E9,0.0
1.406980204134997E9,4.446705653592922
1.406980209145871E9,0.0
1.406980214516759E9,2.274736548772909
1.406980220271593E9,2.1719691048200125
1.406980225738633E9,2.274736548772909
1.406980230981283E9,4.446705653592922
1.40698023666579E9,0.0
1.406980241885585E9,0.0
1.406980246993922E9,4.446705653592922
1.40698025216587E9,2.274736548772909
1.406980257518872E9,0.0
1.406980262606137E9,0.0
1.406980267906058E9,2.274736548772909
1.406980273262798E9,0.0
1.406980278770302E9,2.274736548772909
1.406980284079853E9,2.274736548772909
1.406980289402739E9,2.274736548772909
1.406980294858998E9,2.274736548772909
1.406980300215754E9,0.0
1.406980305395337E9,4.446705653592922
1.406980310869671E9,0.0
1.406980316147402E9,2.274736548772909
1.406980321308238E9,0.0
1.406980326644272E9,4.446705653592922
1.406980332221657E9,2.274736548772909
1.406980337515687E9,6.522491896630942
1.406980342670689E9,2.1719691048200125
1.406980347796742E9,0.0
1.406980353245006E9,4.446705653592922
1.406980358692394E9,0.0
1.406980363866093E9,2.1719691048200125
1.406980369262927E9,2.274736548772909
1.406980374549194E9,0.0
1.406980379515526E9,2.274736548772909
1.406980384848986E9,2.274736548772909
1.406980390120756E9,0.0
1.406980395375288E9,2.1719691048200125
1.406980400616884E9,2.274736548772909
1.406980406028185E9,2.274736548772909
1.406980411514686E9,2.1719691048200125
1.406980416942995E9,0.0
1.406980422267887E9,2.274736548772909
1.406980427614436E9,2.1719691048200125
1.406980433178049E9,0.0
1.406980438233387E9,2.274736548772909
1.406980443546369E9,2.1719691048200125
1.40698044890232E9,2.274736548772909
1.406980454283781E9,0.0
1.406980459716192E9,4.446705653592922
1.406980464978282E9,2.274736548772909
1.406980470271603E9,0.0
1.406980475409695E9,2.274736548772909
1.406980481244981E9,2.274736548772909
1.406980486639489E9,4.446705653592922
1.406980491696594E9,0.0
1.406980497233603E9,0.0
1.406980502359906E9,2.274736548772909
1.406980507640655E9,0.0
1.406980513437252E9,2.1719691048200125
1.406980518895291E9,0.0
1.406980524091375E9,0.0
1.406980529417645E9,4.446705653592922
1.406980534966736E9,2.274736548772909
1.406980540455769E9,0.0
1.406980545755728E9,2.274736548772909
1.406980551065943E9,0.0
1.406980556152613E9,2.274736548772909
1.406980561398675E9,2.1719691048200125
1.406980566910753E9,0.0
1.406980572241488E9,4.446705653592922
1.406980577542887E9,0.0
1.406980582960571E9,0.0
1.406980588213133E9,2.274736548772909
1.406980593619627E9,2.1719691048200125
1.406980599098229E9,0.0
1.40698060463065E9,2.274736548772909
1.406980610091351E9,2.274736548772909
1.40698061508543E9,0.0
1.406980620329184E9,2.274736548772909
1.406980626309529E9,2.274736548772909
1.406980631887579E9,0.0
1.406980636843662E9,4.446705653592922
1.406980642481339E9,0.0
1.406980647970232E9,0.0
1.4069806531206E9,4.446705653592922
1.406980658593048E9,0.0
1.406980664205686E9,2.1719691048200125
1.406980669497162E9,0.0
1.40698067495417E9,0.0
1.406980680212595E9,4.446705653592922
1.406980685475885E9,0.0
1.406980692099963E9,4.446705653592922
1.406980697570971E9,0.0
1.406980703086977E9,2.1719691048200125
1.406980708511218E9,0.0
1.406980713789972E9,0.0
1.40698071898828E9,4.446705653592922
1.406980724273363E9,0.0
1.406980729887448E9,2.274736548772909
1.406980735039948E9,4.446705653592922
1.406980740388776E9,0.0
1.406980745823131E9,4.446705653592922
1.406980751214515E9,0.0
1.406980756474039E9,2.274736548772909
1.406980761822696E9,2.1719691048200125
1.406980767162949E9,0.0
1.406980772595714E9,0.0
1.406980777952419E9,0.0
1.406980783373093E9,2.274736548772909
1.406980788605945E9,0.0
1.406980794166037E9,0.0
1.406980799621547E9,2.274736548772909
1.406980805034944E9,2.1719691048200125
1.406980810357371E9,2.274736548772909
1.406980815660151E9,0.0
1.406980821568878E9,2.1719691048200125
1.406980826974304E9,0.0
1.406980831916679E9,2.274736548772909
1.406980837129388E9,2.1719691048200125
1.406980842375949E9,2.274736548772909
1.406980847710455E9,2.274736548772909
1.406980853235779E9,4.446705653592922
1.406980858294792E9,0.0
1.406980863465129E9,2.274736548772909
1.406980869039368E9,2.274736548772909
1.406980873948934E9,0.0
1.406980879221681E9,2.274736548772909
1.40698088481328E9,4.446705653592922
1.406980890568868E9,2.274736548772909
1.406980896150464E9,4.446705653592922
1.406980901356793E9,0.0
1.406980906599409E9,2.274736548772909
1.406980912693046E9,2.274736548772909
1.406980918101163E9,0.0
1.406980923219322E9,2.274736548772909
1.406980928670908E9,0.0
1.40698093403743E9,2.1719691048200125
1.406980939317831E9,2.274736548772909
1.40698094471804E9,0.0
1.406980950474093E9,4.446705653592922
1.406980955728649E9,0.0
1.406980961000329E9,0.0
1.406980966146876E9,4.446705653592922
1.406980972412514E9,2.274736548772909
1.406980978156162E9,4.446705653592922
1.4069809832704E9,0.0
1.406980989015091E9,0.0
1.406980994230565E9,0.0
1.406980999219962E9,2.274736548772909
1.406981004504374E9,0.0
1.406981010592222E9,0.0
1.406981016296601E9,0.0
1.406981021160131E9,4.446705653592922
1.406981026711893E9,0.0
1.406981032130923E9,2.274736548772909
1.406981037826763E9,2.1719691048200125
1.406981043001742E9,0.0
1.406981048358978E9,2.274736548772909
1.406981054042881E9,2.274736548772909
1.406981059069111E9,0.0
1.406981064327276E9,4.446705653592922
1.406981070142266E9,2.274736548772909
1.406981075963843E9,2.1719691048200125
1.406981080800342E9,2.274736548772909
1.40698108604919E9,0.0
1.406981091894978E9,2.274736548772909
1.406981097333212E9,2.274736548772909
1.406981102782101E9,2.274736548772909
1.406981108046523E9,2.274736548772909
1.406981113789093E9,0.0
1.406981118672065E9,2.1719691048200125
1.406981123962926E9,2.274736548772909
1.406981129376685E9,0.0
1.406981135337279E9,4.446705653592922
1.406981140441283E9,0.0
1.406981145582965E9,2.274736548772909
1.406981151010883E9,2.274736548772909
1.406981156650477E9,2.274736548772909
1.406981161930762E9,4.446705653592922
1.406981167159372E9,0.0
1.406981172576092E9,2.274736548772909
1.406981177968189E9,0.0
1.406981183136614E9,2.274736548772909
1.406981188275449E9,0.0
1.406981193493914E9,4.446705653592922
1.406981198793234E9,2.274736548772909
1.40698120408596E9,2.1719691048200125
1.406981210754736E9,0.0
1.406981216137583E9,2.1719691048200125
1.406981221380883E9,0.0
1.406981226666163E9,2.274736548772909
1.406981231921871E9,4.446705653592922
1.406981237184453E9,0.0
1.406981242450994E9,2.274736548772909
1.406981247767632E9,2.274736548772909
1.406981253373332E9,2.274736548772909
1.406981258891676E9,0.0
1.4069812644155E9,92.8289817121953
1.406981269921838E9,95.00095081701531
1.406981275424671E9,92.8289817121953
1.406981281136308E9,97.10675087627749
1.406981286095047E9,94.93478177145748
1.406981291574282E9,94.93478177145748
1.406981297089419E9,94.93478177145748
1.406981302846485E9,97.10675087627749
1.406981308397585E9,94.93478177145748
1.406981313766635E9,92.8289817121953
1.406981318917166E9,92.8289817121953
1.406981324436954E9,90.72317653388961
1.406981329896959E9,90.72317653388961
1.40698133505373E9,88.61736623654045
1.406981340749377E9,88.61736623654045
1.406981346327205E9,86.51155082014776
1.406981351517259E9,86.51155082014776
1.406981356722467E9,86.51155082014776
1.406981361992184E9,86.51155082014776
1.406981367404235E9,84.40573028471158
1.406981372797066E9,84.40573028471158
1.406981378120933E9,84.40573028471158
1.406981383368458E9,84.40573028471158
1.406981388725043E9,84.40573028471158
1.406981393985648E9,84.40573028471158
1.406981399344897E9,82.29990463023192
1.406981404766921E9,82.29990463023192
1.406981409831392E9,84.40573028471158
1.406981414905968E9,82.29990463023192
1.406981420129069E9,82.29990463023192
1.406981425398228E9,84.47187373505193
1.406981431156624E9,82.29990463023192
1.406981436636011E9,84.47187373505193
1.406981442168568E9,82.29990463023192
1.406981447424992E9,80.19407385670875
1.406981452671576E9,82.29990463023192
1.406981458020763E9,82.29990463023192
1.406981463588451E9,80.19407385670875
1.406981468994683E9,82.29990463023192
1.406981474130853E9,82.29990463023192
1.406981479209237E9,82.29990463023192
1.406981484553285E9,82.29990463023192
1.406981490151421E9,82.29990463023192
1.406981495576489E9,82.29990463023192
1.406981500974532E9,82.29990463023192
1.406981506195072E9,82.29990463023192
1.40698151200862E9,84.47187373505193
1.406981517531482E9,82.29990463023192
1.406981522833666E9,82.29990463023192
1.406981528173555E9,86.57769938953159
1.406981533346179E9,82.29990463023192
1.406981538595739E9,82.29990463023192
1.406981543645119E9,86.57769938953159
1.40698154892464E9,82.29990463023192
1.406981554401706E9,84.47187373505193
1.406981559560317E9,82.29990463023192
1.406981565035805E9,82.29990463023192
1.40698157049388E9,84.47187373505193
1.406981575847821E9,84.40573028471158
1.406981581001839E9,82.29990463023192
1.406981586176072E9,84.47187373505193
1.406981591255455E9,82.29990463023192
1.406981596385532E9,82.29990463023192
1.406981601551921E9,86.57769938953159
1.406981606774611E9,86.57769938953159
1.406981612302213E9,84.40573028471158
1.40698161741067E9,84.47187373505193
1.406981622690671E9,84.40573028471158
1.406981628573716E9,84.47187373505193
1.406981633918247E9,82.29990463023192
1.406981639079784E9,82.29990463023192
1.406981644646581E9,82.29990463023192
1.40698164997601E9,84.40573028471158
1.406981655431657E9,82.29990463023192
1.406981660984973E9,82.29990463023192
1.406981666367705E9,82.29990463023192
1.406981671559126E9,84.47187373505193
1.406981676895124E9,82.29990463023192
1.406981682066379E9,82.29990463023192
1.406981687247524E9,84.47187373505193
1.40698169255542E9,82.29990463023192
1.40698169784817E9,82.36604296152876
1.40698170299809E9,82.29990463023192
1.406981708280576E9,82.29990463023192
1.406981713637376E9,82.29990463023192
1.406981719211887E9,82.29990463023192
1.406981724378514E9,80.19407385670875
1.406981729481016E9,82.29990463023192
1.406981734683503E9,84.47187373505193
1.406981739883145E9,82.29990463023192
1.406981746726554E9,82.36604296152876
1.406981752492605E9,80.19407385670875
1.40698175784487E9,84.47187373505193
1.406981762689893E9,80.19407385670875
1.406981768095751E9,80.19407385670875
1.406981773890546E9,82.36604296152876
1.406981779272348E9,82.29990463023192
1.406981784248546E9,82.29990463023192
1.406981790070267E9,82.36604296152876
1.40698179611206E9,80.19407385670875
1.406981801042131E9,82.36604296152876
1.406981806025605E9,80.19407385670875
1.406981811667125E9,80.19407385670875
1.406981817384955E9,80.19407385670875
1.406981823093562E9,78.0882379641421
1.406981828293674E9,82.36604296152876
1.406981833708369E9,80.19407385670875
1.406981839334736E9,80.19407385670875
1.406981845061847E9,80.19407385670875
1.406981850120091E9,80.19407385670875
1.406981855501187E9,80.2602070689621
1.406981861215578E9,80.19407385670875
1.406981866555039E9,80.19407385670875
1.406981871893839E9,78.0882379641421
1.406981876975613E9,80.19407385670875
1.406981882328718E9,80.19407385670875
1.406981888598336E9,80.19407385670875
1.406981893783781E9,82.36604296152876
1.406981898887274E9,80.19407385670875
1.406981904031794E9,78.0882379641421
1.406981909732438E9,82.36604296152876
1.406981914960976E9,80.19407385670875
1.406981920114606E9,78.0882379641421
1.406981925597858E9,82.36604296152876
1.406981931333758E9,80.19407385670875
1.406981936214999E9,80.19407385670875
1.406981941486562E9,80.2602070689621
1.406981946672748E9,50.71190552781718
1.406981952165782E9,0.0
1.406981957952419E9,0.0
1.406981963125769E9,0.0
1.406981968772946E9,2.274736548772909
1.406981974229186E9,0.0
1.406981979285182E9,2.274736548772909
1.40698198482916E9,2.1719691048200125
1.406981990364298E9,0.0
1.406981995406496E9,4.446705653592922
1.406982000740087E9,2.274736548772909
1.406982006123366E9,2.274736548772909
1.406982011920715E9,2.274736548772909
1.406982017164326E9,0.0
1.406982022539117E9,4.446705653592922
1.406982028031962E9,2.274736548772909
1.40698203351439E9,0.0
1.406982038652631E9,2.1719691048200125
1.406982043935992E9,0.0
1.406982049253874E9,2.274736548772909
1.406982055713118E9,2.1719691048200125
1.406982060869248E9,2.274736548772909
1.406982066334342E9,2.274736548772909
1.406982072766285E9,2.274736548772909
1.406982077619685E9,2.274736548772909
1.406982082895282E9,0.0
1.406982088180859E9,2.274736548772909
1.406982093834457E9,0.0
1.406982099193254E9,2.274736548772909
1.406982104543302E9,2.1719691048200125
1.406982109857095E9,2.274736548772909
1.406982115425882E9,2.274736548772909
1.406982120427037E9,2.1719691048200125
1.406982125656861E9,2.274736548772909
1.406982131136501E9,2.274736548772909
1.406982136506783E9,2.1719691048200125
1.406982141893919E9,0.0
1.40698214759465E9,2.274736548772909
1.406982153091972E9,2.274736548772909
1.406982158433503E9,2.274736548772909
1.406982163722472E9,0.0
1.406982169168111E9,0.0
1.406982174280615E9,2.274736548772909
1.406982179544186E9,2.1719691048200125
1.406982184928616E9,0.0
1.40698219026917E9,2.274736548772909
1.406982195650524E9,2.1719691048200125
1.406982201141219E9,0.0
1.406982206585007E9,2.274736548772909
1.406982212026773E9,2.274736548772909
1.406982217340077E9,2.274736548772909
1.40698222251129E9,0.0
1.406982228022895E9,0.0
1.406982233527781E9,2.274736548772909
1.406982238808803E9,2.1719691048200125
1.406982244296991E9,0.0
1.406982249775447E9,4.446705653592922
1.406982254938845E9,2.274736548772909
1.406982260332902E9,0.0
1.406982265585997E9,2.274736548772909
1.406982271119758E9,0.0
1.406982276352085E9,2.274736548772909
1.406982281425012E9,2.1719691048200125
1.406982286741137E9,2.274736548772909
1.406982292248804E9,0.0
1.406982297319421E9,4.446705653592922
1.406982302439738E9,0.0
1.406982307749419E9,2.274736548772909
1.406982312865754E9,2.274736548772909
1.4069823182415E9,0.0
1.406982323722532E9,2.274736548772909
1.406982329120516E9,0.0
1.406982334234879E9,2.274736548772909
1.406982339383658E9,2.1719691048200125
1.406982345046714E9,0.0
1.406982350616797E9,4.446705653592922
1.406982356429728E9,2.274736548772909
1.406982361253604E9,4.446705653592922
1.406982366472565E9,2.1719691048200125
1.406982371612839E9,2.274736548772909
1.406982376718396E9,0.0
1.406982382075972E9,0.0
1.406982388815865E9,4.446705653592922
1.406982393923699E9,2.274736548772909
1.406982399007251E9,0.0
1.406982404311735E9,2.274736548772909
1.406982409755244E9,2.1719691048200125
1.406982415052965E9,0.0
1.40698242036959E9,2.274736548772909
1.406982425510481E9,4.446705653592922
1.406982430909049E9,2.274736548772909
1.406982436086182E9,2.1719691048200125
1.406982441583119E9,2.274736548772909
1.406982447002601E9,2.274736548772909
1.406982452565176E9,4.446705653592922
1.406982457675223E9,2.274736548772909
1.406982463241098E9,0.0
1.406982468588886E9,4.446705653592922
1.406982473917443E9,2.274736548772909
1.406982479093696E9,0.0
1.406982484729532E9,4.446705653592922
1.406982490051085E9,2.274736548772909
1.406982495466749E9,4.446705653592922
1.406982500693161E9,0.0
1.406982506047739E9,0.0
1.406982511554493E9,4.446705653592922
1.406982517194059E9,2.274736548772909
1.406982522439551E9,0.0
1.406982527306165E9,4.446705653592922
1.406982532675148E9,0.0
1.406982538105023E9,2.1719691048200125
1.406982544088501E9,0.0
1.406982549207857E9,2.274736548772909
1.406982554328916E9,2.1719691048200125
1.406982559402453E9,0.0
1.406982564994681E9,0.0
1.406982570537278E9,4.446705653592922
1.406982575615017E9,2.274736548772909
1.406982580961148E9,0.0
1.406982586763999E9,2.1719691048200125
1.406982591912513E9,0.0
1.406982597112824E9,2.274736548772909
1.406982602767001E9,2.1719691048200125
1.406982608115239E9,0.0
1.406982613687532E9,2.274736548772909
1.406982619062322E9,2.274736548772909
1.406982624537906E9,2.274736548772909
1.406982629676687E9,2.1719691048200125
1.406982635128379E9,0.0
1.406982641450607E9,2.1719691048200125
1.406982646669884E9,0.0
1.406982651957478E9,2.274736548772909
1.406982657205015E9,0.0
1.406982662620657E9,2.274736548772909
1.406982668081272E9,2.1719691048200125
1.406982673504808E9,2.274736548772909
1.406982678819916E9,0.0
1.406982684164918E9,2.1719691048200125
1.406982689596455E9,2.274736548772909
1.406982694857968E9,0.0
1.406982700123578E9,4.446705653592922
1.406982705288208E9,0.0
1.40698271044849E9,2.274736548772909
1.406982716034166E9,2.274736548772909
1.406982721282741E9,0.0
1.406982726149372E9,2.274736548772909
1.40698273180686E9,2.1719691048200125
1.406982737191415E9,0.0
1.406982742401451E9,2.274736548772909
1.406982747418976E9,4.446705653592922
1.406982752933853E9,2.274736548772909
1.406982758550572E9,0.0
1.406982763896461E9,0.0
1.406982768759591E9,2.274736548772909
1.406982774345312E9,2.1719691048200125
1.40698277979578E9,0.0
1.406982785057636E9,0.0
1.406982789896731E9,4.446705653592922
1.406982795293652E9,0.0
1.406982800900944E9,2.1719691048200125
1.406982806316162E9,2.274736548772909
1.406982811399148E9,2.274736548772909
1.406982816921233E9,4.446705653592922
1.406982822279376E9,0.0
1.406982827714618E9,2.274736548772909
1.406982832980759E9,4.446705653592922
1.406982838257489E9,0.0
1.406982843554792E9,2.274736548772909
1.406982848923132E9,2.1719691048200125
1.406982854383672E9,0.0
1.406982859930053E9,2.274736548772909
1.406982865350823E9,0.0
1.406982870697978E9,2.274736548772909
1.406982875948477E9,4.446705653592922
1.406982881189293E9,0.0
1.406982886667494E9,2.274736548772909
1.406982892034791E9,2.274736548772909
1.406982897321415E9,0.0
1.40698290243695E9,0.0
1.406982907983926E9,2.274736548772909
1.406982913712019E9,2.274736548772909
1.406982918934092E9,4.446705653592922
1.40698292419166E9,0.0
1.406982929569956E9,2.274736548772909
1.406982934971814E9,0.0
1.406982940439098E9,2.274736548772909
1.406982945582612E9,0.0
1.406982950950958E9,0.0
1.406982956341898E9,2.274736548772909
1.406982961545504E9,2.274736548772909
1.406982966987827E9,2.274736548772909
1.406982972314296E9,0.0
1.40698297757815E9,4.446705653592922
1.406982982869497E9,2.274736548772909
1.406982988366769E9,0.0
1.406982993959905E9,2.274736548772909
1.406982999341635E9,0.0
1.406983004751925E9,2.274736548772909
1.406983010207806E9,2.274736548772909
1.406983016833432E9,2.274736548772909
1.406983022622993E9,2.274736548772909
1.406983027976625E9,4.446705653592922
1.406983032796844E9,2.274736548772909
1.406983038291195E9,0.0
1.406983043505112E9,2.274736548772909
1.40698304893055E9,2.274736548772909
1.406983053947612E9,2.274736548772909
1.406983059443878E9,2.1719691048200125
1.40698306508565E9,0.0
1.406983070377504E9,2.274736548772909
1.406983075786716E9,4.446705653592922
1.406983081092302E9,2.274736548772909
1.406983087319382E9,4.446705653592922
1.40698309269178E9,0.0
1.406983097782492E9,2.274736548772909
1.406983102957207E9,4.446705653592922
1.406983109121929E9,2.274736548772909
1.406983114083443E9,2.274736548772909
1.406983119472982E9,0.0
1.406983124963042E9,0.0
1.406983130626771E9,2.274736548772909
1.406983135472188E9,2.274736548772909
1.406983140931628E9,2.274736548772909
1.406983146528732E9,2.1719691048200125
1.406983152110708E9,0.0
1.40698315709448E9,2.274736548772909
1.406983162417215E9,4.446705653592922
1.406983167935703E9,0.0
1.406983173713996E9,0.0
1.406983178928579E9,0.0
1.406983184385276E9,0.0
1.406983189665917E9,2.274736548772909
1.406983194964685E9,2.274736548772909
1.406983200046039E9,0.0
1.406983205461071E9,4.446705653592922
1.406983211081208E9,0.0
1.406983216833935E9,2.274736548772909
1.406983222164531E9,2.274736548772909
1.406983227563853E9,0.0
1.40698323272039E9,0.0
1.406983238127133E9,0.0
1.406983244093717E9,0.0
1.406983249142874E9,4.446705653592922
1.406983254709859E9,0.0
1.406983261431565E9,2.1719691048200125
1.406983266982936E9,0.0
1.406983272318091E9,2.274736548772909
1.406983277601004E9,2.1719691048200125
1.406983283526847E9,0.0
1.406983288635557E9,2.1719691048200125
1.40698329362842E9,0.0
1.406983299222194E9,2.274736548772909
1.406983305119859E9,4.446705653592922
1.406983310581576E9,0.0
1.406983315969737E9,0.0
1.406983321458506E9,2.1719691048200125
1.406983327331031E9,0.0
1.406983332738149E9,2.274736548772909
1.40698333781493E9,2.274736548772909
1.406983343237949E9,0.0
1.406983348883224E9,2.1719691048200125
1.406983354141911E9,2.274736548772909
1.40698335955243E9,0.0
1.406983365140206E9,4.446705653592922
1.406983370747237E9,0.0
1.406983376970687E9,2.274736548772909
1.406983382240912E9,0.0
1.406983387784863E9,2.274736548772909
1.40698339338741E9,2.274736548772909
1.406983398299294E9,0.0
1.406983403652834E9,4.446705653592922
1.406983409225573E9,0.0
1.406983415066192E9,2.1719691048200125
1.406983420483587E9,2.274736548772909
1.40698342552426E9,0.0
1.406983430887029E9,4.446705653592922
1.406983436371495E9,2.274736548772909
1.406983441419692E9,0.0
1.406983446698336E9,2.1719691048200125
1.406983451997456E9,0.0
1.406983457317598E9,2.274736548772909
1.406983462687304E9,2.1719691048200125
1.406983467895734E9,0.0
1.406983473190337E9,2.274736548772909
1.406983478557542E9,4.446705653592922
1.406983484051115E9,2.274736548772909
1.406983489182488E9,0.0
1.406983494722328E9,4.446705653592922
1.406983500015763E9,2.274736548772909
1.40698350532483E9,0.0
1.4069835106672E9,4.446705653592922
1.406983515885743E9,2.274736548772909
1.406983521451303E9,0.0
1.406983527142815E9,2.274736548772909
1.406983532294623E9,0.0
1.406983537552959E9,2.274736548772909
1.406983543175024E9,2.274736548772909
1.406983548593639E9,0.0
1.406983553898438E9,2.1719691048200125
1.406983558837745E9,2.274736548772909
1.406983564518442E9,0.0
1.40698357044988E9,2.1719691048200125
1.406983575506592E9,2.274736548772909
1.406983582181276E9,0.0
1.406983587828877E9,0.0
1.406983592999653E9,2.1719691048200125
1.406983598009558E9,2.274736548772909
1.406983603680705E9,0.0
1.406983609134831E9,2.1719691048200125
1.406983614508357E9,0.0
1.406983619740161E9,2.274736548772909
1.40698362494709E9,4.446705653592922
1.406983630207902E9,0.0
1.406983635783836E9,2.274736548772909
1.406983640979145E9,0.0
1.406983646095103E9,2.274736548772909
1.406983651456956E9,0.0
1.406983656956951E9,0.0
1.406983662231193E9,2.274736548772909
1.406983667558017E9,0.0
1.406983672934837E9,0.0
1.406983678410131E9,0.0
1.406983683555765E9,2.274736548772909
1.406983688882514E9,2.274736548772909
1.406983694172022E9,0.0
1.406983699689132E9,2.274736548772909
1.406983705290361E9,2.274736548772909
1.40698371022913E9,2.274736548772909
1.406983715465229E9,2.1719691048200125
1.406983720830349E9,2.274736548772909
1.40698372616108E9,2.274736548772909
1.406983731583882E9,2.1719691048200125
1.406983736729192E9,0.0
1.406983742030964E9,0.0
1.406983747349527E9,4.446705653592922
1.406983752973871E9,2.274736548772909
1.40698375953724E9,2.274736548772909
1.406983764732897E9,0.0
1.406983770567534E9,2.1719691048200125
1.406983775662851E9,0.0
1.40698378097162E9,2.1719691048200125
1.406983786615265E9,2.274736548772909
1.406983792492885E9,2.274736548772909
1.406983798165504E9,2.274736548772909
1.40698380330294E9,0.0
1.406983808442593E9,2.274736548772909
1.406983814226906E9,4.446705653592922
1.406983819365845E9,2.274736548772909
1.406983824353856E9,0.0
1.4069838295577E9,4.446705653592922
1.406983835377897E9,2.274736548772909
1.406983840830932E9,0.0
1.406983845669059E9,0.0
1.406983851409811E9,0.0
1.406983857145414E9,2.1719691048200125
1.406983862548098E9,2.274736548772909
1.406983867814124E9,2.274736548772909
1.40698387302909E9,2.1719691048200125
1.406983878540755E9,2.274736548772909
1.406983884180287E9,2.274736548772909
1.406983889342882E9,0.0
1.406983894525321E9,0.0
1.406983899611834E9,2.274736548772909
1.406983904987473E9,2.274736548772909
1.406983910282967E9,2.1719691048200125
1.406983915648372E9,2.274736548772909
1.406983921055045E9,4.446705653592922
1.406983926307399E9,151.78944837309444
1.406983931562269E9,92.8289817121953
1.406983936990994E9,97.10675087627749
1.406983942434069E9,97.04057671167617
1.406983947567321E9,94.93478177145748
1.40698395299136E9,97.04057671167617
1.406983958020869E9,94.93478177145748
1.406983963200652E9,94.93478177145748
1.406983968768272E9,94.93478177145748
1.40698397480286E9,94.93478177145748
1.406983979697627E9,92.8289817121953
1.406983985047062E9,92.8289817121953
1.406983990941357E9,92.8289817121953
1.406983996367446E9,92.89514563870962
1.40698400161758E9,90.72317653388961
1.406984006988821E9,90.78933534136046
1.406984012645753E9,88.61736623654045
1.4069840178473E9,88.61736623654045
1.406984023102806E9,88.68351992496777
1.406984028855232E9,84.40573028471158
1.406984034461992E9,84.40573028471158
1.406984039845599E9,86.57769938953159
1.406984045360902E9,84.40573028471158
1.406984050654456E9,84.47187373505193
1.406984055961052E9,84.40573028471158
1.406984061137692E9,84.40573028471158
1.406984066420109E9,84.47187373505193
1.406984072054644E9,82.29990463023192
1.406984077104127E9,82.29990463023192
1.406984082339737E9,86.57769938953159
1.406984087740215E9,84.40573028471158
1.406984092947737E9,84.47187373505193
1.406984098263793E9,82.29990463023192
1.406984103870944E9,82.29990463023192
1.406984108769608E9,86.57769938953159
1.406984114402004E9,82.29990463023192
1.406984119823572E9,84.47187373505193
1.406984125191031E9,82.29990463023192
1.406984130359469E9,82.29990463023192
1.406984136303702E9,82.29990463023192
1.406984141646804E9,82.29990463023192
1.406984146997291E9,84.47187373505193
1.406984152159882E9,82.29990463023192
1.40698415786565E9,82.29990463023192
1.406984163279067E9,84.47187373505193
1.406984168442384E9,82.29990463023192
1.406984173977429E9,82.29990463023192
1.406984179582669E9,86.57769938953159
1.406984184495114E9,82.29990463023192
1.406984189825665E9,82.29990463023192
1.406984195692332E9,84.47187373505193
1.406984201431203E9,84.40573028471158
1.406984206639342E9,86.57769938953159
1.406984211579158E9,84.40573028471158
1.40698421686228E9,82.29990463023192
1.406984222672142E9,84.47187373505193
1.406984228267954E9,84.40573028471158
1.406984233419027E9,84.40573028471158
1.406984238283653E9,86.57769938953159
1.406984243620176E9,84.40573028471158
1.406984249390219E9,86.57769938953159
1.406984254806426E9,86.57769938953159
1.40698426026122E9,84.40573028471158
1.406984265849064E9,82.29990463023192
1.406984271111024E9,82.29990463023192
1.406984276369684E9,84.40573028471158
1.40698428165486E9,86.57769938953159
1.40698428736096E9,84.40573028471158
1.406984292845502E9,86.57769938953159
1.40698429821491E9,84.40573028471158
1.406984303623298E9,84.40573028471158
1.406984308844918E9,84.40573028471158
1.406984314065379E9,82.29990463023192
1.40698432006937E9,84.47187373505193
1.406984325603722E9,82.29990463023192
1.406984330750219E9,84.40573028471158
1.406984335835989E9,84.47187373505193
1.406984341448172E9,82.29990463023192
1.406984346818356E9,82.29990463023192
1.406984352358387E9,84.47187373505193
1.406984357953824E9,82.29990463023192
1.406984363474488E9,82.29990463023192
1.406984368576775E9,84.47187373505193
1.406984373817593E9,80.19407385670875
1.406984379279261E9,80.19407385670875
1.406984385177006E9,82.29990463023192
1.406984390544423E9,80.19407385670875
1.406984395353599E9,82.29990463023192
1.406984400919375E9,82.29990463023192
1.406984406465048E9,82.29990463023192
1.406984411771785E9,84.47187373505193
1.40698441705107E9,80.19407385670875
1.406984422531711E9,80.19407385670875
1.406984427708895E9,82.36604296152876
1.406984432678572E9,82.29990463023192
1.406984437957161E9,80.19407385670875
1.406984443474841E9,84.47187373505193
1.406984448780356E9,80.19407385670875
1.406984454615492E9,82.36604296152876
1.406984459754847E9,80.19407385670875
1.406984465057884E9,80.19407385670875
1.406984470498378E9,82.36604296152876
1.406984475861883E9,80.19407385670875
1.406984481310316E9,82.36604296152876
1.406984486732192E9,80.19407385670875
1.406984492236065E9,80.19407385670875
1.406984497504411E9,80.19407385670875
1.406984502651922E9,80.19407385670875
1.406984508016958E9,82.36604296152876
1.406984513540163E9,80.19407385670875
1.406984519126097E9,80.19407385670875
1.406984524258606E9,82.36604296152876
1.406984529707588E9,80.19407385670875
1.406984534899225E9,82.36604296152876
1.406984540342303E9,78.0882379641421
1.406984545750157E9,78.0882379641421
1.406984551326433E9,80.2602070689621
1.406984556607293E9,78.0882379641421
1.406984561978916E9,80.19407385670875
1.406984567313434E9,82.36604296152876
1.406984573044175E9,80.19407385670875
1.406984578407866E9,80.19407385670875
1.406984583737487E9,80.2602070689621
1.406984589267819E9,80.19407385670875
1.406984595899432E9,80.19407385670875
1.406984601116784E9,80.19407385670875
1.406984606497504E9,4.446705653592922
1.406984611316463E9,2.274736548772909
1.406984616750067E9,0.0
1.406984622590987E9,2.1719691048200125
1.406984627971244E9,0.0
1.406984633236722E9,2.274736548772909
1.406984638589782E9,2.1719691048200125
1.406984644486519E9,0.0
1.406984649705493E9,2.274736548772909
1.406984654824478E9,0.0
1.406984660410169E9,2.274736548772909
1.40698466575017E9,2.1719691048200125
1.406984671477163E9,0.0
1.406984676689725E9,2.274736548772909
1.406984681637812E9,0.0
1.406984687280231E9,0.0
1.406984692793207E9,4.446705653592922
1.406984698198942E9,0.0
1.406984703087349E9,2.274736548772909
1.406984708848973E9,2.1719691048200125
1.406984714407599E9,0.0
1.406984719802102E9,2.274736548772909
1.406984725438583E9,4.446705653592922
1.406984730859306E9,0.0
1.40698473628877E9,0.0
1.40698474145948E9,4.446705653592922
1.406984746906946E9,0.0
1.406984752363613E9,2.274736548772909
1.406984757774029E9,0.0
1.406984763129529E9,0.0
1.406984768498136E9,2.274736548772909
1.406984773884414E9,0.0
1.406984779475301E9,0.0
1.406984784839814E9,4.446705653592922
1.406984790095307E9,0.0
1.406984795612908E9,2.274736548772909
1.406984801184439E9,2.274736548772909
1.406984806458173E9,0.0
1.406984812079552E9,0.0
1.406984817671406E9,2.274736548772909
1.406984823271804E9,4.446705653592922
1.406984828349398E9,2.274736548772909
1.406984833490142E9,0.0
1.406984839407268E9,0.0
1.406984844967023E9,0.0
1.406984850017425E9,2.274736548772909
1.40698485558637E9,0.0
1.406984860910748E9,2.1719691048200125
1.406984866088248E9,2.274736548772909
1.40698487154801E9,2.274736548772909
1.406984876898095E9,4.446705653592922
1.406984882656945E9,0.0
1.406984888449741E9,0.0
1.406984893606115E9,2.274736548772909
1.406984898985539E9,2.274736548772909
1.406984904888413E9,2.1719691048200125
1.40698491020878E9,0.0
1.406984916811704E9,0.0
1.406984922215188E9,2.274736548772909
1.406984927504767E9,0.0
1.406984932937979E9,0.0
1.406984938401658E9,2.274736548772909
1.406984943521149E9,0.0
1.406984948829361E9,0.0
1.406984953714126E9,0.0
1.406984959401506E9,4.446705653592922
1.406984965264436E9,2.274736548772909
1.406984970323457E9,0.0
1.406984975247235E9,2.1719691048200125
1.406984980571556E9,2.274736548772909
1.406984985862331E9,0.0
1.406984991396062E9,2.1719691048200125
1.406984996395791E9,2.274736548772909
1.406985001541158E9,0.0
1.406985007072612E9,2.274736548772909
1.406985012285155E9,2.274736548772909
1.406985017186632E9,0.0
1.406985022669987E9,2.274736548772909
1.406985028501649E9,2.274736548772909
1.406985034437966E9,2.1719691048200125
1.406985039253096E9,2.274736548772909
1.406985044274166E9,0.0
1.406985049793418E9,2.274736548772909
1.406985055745479E9,4.446705653592922
1.406985061014232E9,0.0
1.406985067217671E9,2.1719691048200125
1.406985073411832E9,0.0
1.406985078777715E9,2.274736548772909
1.406985083847825E9,0.0
1.406985089097044E9,0.0
1.406985094703677E9,0.0
1.406985100486035E9,0.0
1.406985105319822E9,2.274736548772909
1.406985110593259E9,2.1719691048200125
1.406985116234408E9,0.0
1.40698512209861E9,4.446705653592922
1.406985126949455E9,0.0
1.406985132305063E9,2.274736548772909
1.406985137772392E9,0.0
1.40698514313417E9,0.0
1.406985148010745E9,2.274736548772909
1.406985153555799E9,2.1719691048200125
1.406985159181362E9,0.0
1.40698516452691E9,2.274736548772909
1.40698516953041E9,2.1719691048200125
1.406985174721983E9,2.274736548772909
1.406985181385805E9,4.446705653592922
1.406985186756595E9,0.0
1.406985191832473E9,4.446705653592922
1.4069851969352E9,2.274736548772909
1.40698520245017E9,0.0
1.406985207533033E9,2.274736548772909
1.406985213079955E9,2.274736548772909
1.406985218241837E9,2.274736548772909
1.406985223544964E9,2.1719691048200125
1.406985228992475E9,0.0
1.406985234138254E9,2.274736548772909
1.406985239380985E9,2.1719691048200125
1.406985244868116E9,0.0
1.406985250168111E9,2.274736548772909
1.406985256650307E9,2.274736548772909
1.406985261787002E9,2.274736548772909
1.406985267292625E9,2.274736548772909
1.406985272585964E9,2.1719691048200125
1.406985277902452E9,2.274736548772909
1.406985283259963E9,2.274736548772909
1.406985288573594E9,2.1719691048200125
1.406985294514229E9,0.0
1.406985299913471E9,4.446705653592922
1.406985305239237E9,2.274736548772909
1.406985310536916E9,0.0
1.406985316224739E9,4.446705653592922
1.406985321567819E9,2.274736548772909
1.406985326709509E9,2.274736548772909
1.406985332015774E9,4.446705653592922
1.406985337256668E9,0.0
1.406985342653508E9,2.274736548772909
1.406985347979384E9,2.274736548772909
1.406985353929361E9,0.0
1.406985359225877E9,2.1719691048200125
1.406985364284606E9,2.274736548772909
1.406985369660922E9,0.0
1.40698537478881E9,0.0
1.406985380265041E9,0.0
1.406985385619605E9,2.274736548772909
1.406985390707082E9,0.0
1.406985396241769E9,0.0
1.406985401623241E9,2.274736548772909
1.406985406707584E9,0.0
1.406985412216377E9,0.0
1.406985417718628E9,0.0
1.406985423255451E9,0.0
1.40698542843901E9,2.274736548772909
1.40698543378036E9,0.0
1.406985439207126E9,0.0
1.406985444409621E9,0.0
1.40698544971413E9,2.274736548772909
1.406985454928925E9,0.0
1.406985460588367E9,0.0
1.406985465749836E9,2.274736548772909
1.406985470873145E9,0.0
1.406985476004626E9,2.274736548772909
1.406985481927297E9,2.1719691048200125
1.406985487815027E9,0.0
1.406985492752368E9,2.1719691048200125
1.406985497778141E9,2.274736548772909
1.40698550326678E9,2.274736548772909
1.406985509340578E9,4.446705653592922
1.406985514662875E9,0.0
1.406985519507355E9,2.274736548772909
1.406985525316834E9,4.446705653592922
1.406985530898022E9,2.274736548772909
1.4069855363113E9,4.446705653592922
1.406985541572888E9,0.0
1.406985546968741E9,0.0
1.40698555227775E9,2.1719691048200125
1.406985557549165E9,2.274736548772909
1.406985563151073E9,2.274736548772909
1.40698556846646E9,2.1719691048200125
1.406985573818975E9,2.274736548772909
1.406985579255375E9,2.274736548772909
1.406985584352558E9,2.1719691048200125
1.406985589240257E9,2.274736548772909
1.406985594845318E9,2.274736548772909
1.406985600138912E9,4.446705653592922
1.406985605475506E9,0.0
1.406985610938066E9,0.0
1.406985616157482E9,4.446705653592922
1.406985621748599E9,0.0
1.406985626759338E9,0.0
1.406985631986471E9,2.274736548772909
1.406985637476509E9,0.0
1.40698564327911E9,2.1719691048200125
1.406985648355207E9,0.0
1.406985653656114E9,2.274736548772909
1.406985659015384E9,4.446705653592922
1.406985664651192E9,0.0
1.406985670247388E9,0.0
1.406985675796395E9,2.274736548772909
1.406985681692253E9,0.0
1.406985687335271E9,0.0
1.406985692152853E9,2.274736548772909
1.406985697566991E9,0.0
1.406985703047744E9,0.0
1.406985708652738E9,2.274736548772909
1.406985713849223E9,2.1719691048200125
1.40698571909887E9,2.274736548772909
1.406985724445398E9,0.0
1.406985729311353E9,2.274736548772909
1.406985734832489E9,2.1719691048200125
1.406985740616065E9,0.0
1.406985746021551E9,2.274736548772909
1.406985751301591E9,0.0
1.40698575655946E9,2.274736548772909
1.406985761948969E9,2.274736548772909
1.406985767159506E9,0.0
1.40698577239226E9,2.274736548772909
1.406985777939887E9,4.446705653592922
1.406985783491482E9,2.274736548772909
1.406985788583795E9,0.0
1.406985793734512E9,2.274736548772909
1.406985799095002E9,2.274736548772909
1.40698580449553E9,2.1719691048200125
1.406985809780888E9,2.274736548772909
1.406985814896771E9,0.0
1.406985820116996E9,4.446705653592922
1.406985825049026E9,0.0
1.406985830571152E9,2.274736548772909
1.406985835855893E9,0.0
1.406985841303993E9,2.274736548772909
1.406985846689882E9,0.0
1.406985851905283E9,0.0
1.406985857171572E9,2.274736548772909
1.406985862685889E9,0.0
1.406985868116481E9,4.446705653592922
1.406985873668953E9,0.0
1.406985879056129E9,2.1719691048200125
1.406985884410771E9,2.274736548772909
1.406985889935459E9,0.0
1.406985895444062E9,4.446705653592922
1.406985900272993E9,0.0
1.406985905544225E9,2.274736548772909
1.406985911427706E9,2.274736548772909
1.40698591729788E9,2.274736548772909
1.406985922138287E9,4.446705653592922
1.406985927428251E9,0.0
1.406985932596787E9,2.274736548772909
1.406985938465038E9,4.446705653592922
1.406985943841162E9,0.0
1.406985949090017E9,0.0
1.406985954223927E9,4.446705653592922
1.406985959645788E9,2.1719691048200125
1.40698596485107E9,2.274736548772909
1.406985969674369E9,2.1719691048200125
1.406985975145123E9,2.274736548772909
1.406985980603691E9,0.0
1.406985985894275E9,2.1719691048200125
1.406985991204841E9,2.274736548772909
1.406985996667257E9,0.0
1.406986001686738E9,4.446705653592922
1.406986007349506E9,2.274736548772909
1.406986012807032E9,2.274736548772909
1.406986018276657E9,4.446705653592922
1.406986023570862E9,0.0
1.406986029035721E9,0.0
1.406986034309874E9,4.446705653592922
1.406986039663015E9,2.274736548772909
1.406986044905107E9,2.274736548772909
1.406986050691924E9,2.1719691048200125
1.406986056027486E9,0.0
1.406986061435271E9,0.0
1.406986066676081E9,4.446705653592922
1.406986073159437E9,2.274736548772909
1.406986078316741E9,4.446705653592922
1.406986083583539E9,0.0
1.406986088749643E9,2.274736548772909
1.40698609432071E9,4.446705653592922
1.406986099621851E9,2.274736548772909
1.406986105115505E9,4.446705653592922
1.406986110565084E9,0.0
1.406986116196732E9,0.0
1.406986121089936E9,4.446705653592922
1.406986126409715E9,2.274736548772909
1.406986131774368E9,0.0
1.406986137645873E9,2.1719691048200125
1.406986143291531E9,0.0
1.406986148228882E9,2.274736548772909
1.406986153544445E9,0.0
1.406986159113271E9,2.274736548772909
1.406986164200226E9,2.1719691048200125
1.406986169605133E9,2.274736548772909
1.406986174757699E9,0.0
1.406986180597267E9,0.0
1.406986185765485E9,0.0
1.406986190952546E9,2.1719691048200125
1.406986196262852E9,2.274736548772909
1.40698620243351E9,2.274736548772909
1.406986207578052E9,2.1719691048200125
1.40698621245034E9,0.0
1.406986218049173E9,2.1719691048200125
1.406986223725787E9,4.446705653592922
1.406986229163217E9,2.274736548772909
1.406986234384631E9,2.1719691048200125
1.406986239766628E9,2.274736548772909
1.406986245178955E9,0.0
1.40698625062456E9,4.446705653592922
1.406986255745764E9,0.0
1.406986261321091E9,0.0
1.406986266608999E9,2.274736548772909
1.406986271957766E9,0.0
1.406986277477319E9,4.446705653592922
1.406986282607688E9,0.0
1.406986288241293E9,0.0
1.406986293614913E9,4.446705653592922
1.406986298860512E9,0.0
1.40698630377487E9,0.0
1.406986309265515E9,2.1719691048200125
1.406986314515056E9,2.274736548772909
1.406986319810542E9,0.0
1.406986325540053E9,2.1719691048200125
1.406986330959798E9,2.274736548772909
1.406986336219486E9,0.0
1.406986341537011E9,4.446705653592922
1.406986346776125E9,0.0
1.406986352112982E9,0.0
1.40698635760472E9,4.446705653592922
1.406986363153101E9,0.0
1.406986368385914E9,4.446705653592922
1.406986373480059E9,0.0
1.40698637904546E9,2.274736548772909
1.406986384843537E9,4.446705653592922
1.40698639015874E9,2.274736548772909
1.406986395515461E9,0.0
1.406986400814874E9,4.446705653592922
1.406986406066282E9,0.0
1.406986411338232E9,2.274736548772909
1.406986416633755E9,2.1719691048200125
1.406986422005099E9,0.0
1.406986427505704E9,2.274736548772909
1.406986432706773E9,2.274736548772909
1.406986438008784E9,2.274736548772909
1.406986443243503E9,0.0
1.406986448904106E9,4.446705653592922
1.406986454489357E9,2.274736548772909
1.406986459798302E9,4.446705653592922
1.406986465073427E9,2.274736548772909
1.406986470336029E9,0.0
1.406986475638106E9,4.446705653592922
1.406986480887124E9,0.0
1.406986486059733E9,0.0
1.406986491374318E9,4.446705653592922
1.406986496675546E9,2.274736548772909
1.406986501955565E9,2.274736548772909
1.406986507243624E9,2.1719691048200125
1.406986512531605E9,2.274736548772909
1.406986519437162E9,4.446705653592922
1.406986524942641E9,2.274736548772909
1.406986530121254E9,0.0
1.406986535511654E9,4.446705653592922
1.406986540689335E9,0.0
1.406986546251753E9,0.0
1.406986551811932E9,4.446705653592922
1.406986557114922E9,2.274736548772909
1.406986562696827E9,0.0
1.406986567893565E9,2.274736548772909
1.406986573016071E9,94.93478177145748
1.406986578188227E9,95.00095081701531
1.40698658348175E9,92.8289817121953
1.406986588677464E9,94.93478177145748
1.406986593912726E9,94.93478177145748
1.406986599126528E9,94.93478177145748
1.406986604498264E9,94.93478177145748
1.406986609944929E9,94.93478177145748
1.406986615291191E9,94.93478177145748
1.406986620656769E9,97.10675087627749
1.406986626302747E9,94.93478177145748
1.406986631413597E9,92.8289817121953
1.406986636757199E9,90.72317653388961
1.406986642325301E9,90.72317653388961
1.406986647715265E9,92.89514563870962
1.406986653013471E9,88.61736623654045
1.406986658300611E9,88.68351992496777
1.406986663718818E9,88.61736623654045
1.406986669239576E9,86.51155082014776
1.406986674630808E9,86.51155082014776
1.406986680047562E9,84.40573028471158
1.406986685560614E9,86.51155082014776
1.406986691369643E9,86.57769938953159
1.406986696277275E9,84.40573028471158
1.406986701292625E9,84.40573028471158
1.406986706668401E9,84.47187373505193
1.40698671279701E9,84.40573028471158
1.406986718081487E9,84.47187373505193
1.406986722927626E9,82.29990463023192
1.406986728163325E9,84.40573028471158
1.406986733539118E9,82.29990463023192
1.406986739127704E9,82.29990463023192
1.406986744274217E9,82.29990463023192
1.406986749587552E9,82.29990463023192
1.406986754942751E9,82.29990463023192
1.406986760284071E9,82.29990463023192
1.406986765386673E9,82.29990463023192
1.406986770502979E9,84.47187373505193
1.406986775994443E9,82.29990463023192
1.406986781592536E9,82.29990463023192
1.406986786685853E9,84.47187373505193
1.406986791954923E9,84.40573028471158
1.406986797486102E9,82.29990463023192
1.406986802872184E9,82.29990463023192
1.406986808077738E9,82.29990463023192
1.406986813424398E9,86.57769938953159
1.406986818594056E9,82.29990463023192
1.406986823991843E9,84.40573028471158
1.406986829700947E9,86.57769938953159
1.406986834779341E9,82.29990463023192
1.406986840050586E9,82.29990463023192
1.406986845852742E9,82.29990463023192
1.406986851416524E9,82.29990463023192
1.406986856570578E9,86.57769938953159
1.406986861784666E9,82.29990463023192
1.406986867052816E9,84.40573028471158
1.406986872613622E9,86.57769938953159
1.406986877804766E9,82.29990463023192
1.406986883024493E9,84.40573028471158
1.406986888520315E9,84.47187373505193
1.406986893920823E9,84.40573028471158
1.40698689904614E9,84.40573028471158
1.406986904199935E9,86.57769938953159
1.406986909757298E9,84.40573028471158
1.406986915207025E9,84.47187373505193
1.406986920332533E9,84.40573028471158
1.406986925587102E9,84.40573028471158
1.406986930990366E9,86.57769938953159
1.406986936130805E9,84.40573028471158
1.406986941739503E9,84.40573028471158
1.406986947327402E9,86.57769938953159
1.40698695302745E9,82.29990463023192
1.406986957948653E9,86.57769938953159
1.406986963214967E9,82.29990463023192
1.406986968461751E9,82.29990463023192
1.406986974011838E9,82.29990463023192
1.406986979460576E9,82.29990463023192
1.406986984702843E9,82.29990463023192
1.406986989934414E9,82.29990463023192
1.406986995319441E9,82.29990463023192
1.406987000690584E9,84.47187373505193
1.40698700596007E9,82.29990463023192
1.406987011423153E9,82.29990463023192
1.406987016645178E9,82.36604296152876
1.406987023174895E9,80.19407385670875
1.406987028262179E9,84.47187373505193
1.406987033360997E9,82.36604296152876
1.406987039207539E9,82.29990463023192
1.406987044529994E9,82.36604296152876
1.406987049751547E9,84.47187373505193
1.406987054692589E9,80.19407385670875
1.406987060164485E9,80.19407385670875
1.406987065974245E9,80.19407385670875
1.406987071149578E9,82.29990463023192
1.406987076435316E9,80.19407385670875
1.406987083773026E9,78.0882379641421
1.406987089297643E9,80.19407385670875
1.406987094700237E9,78.0882379641421
1.406987100138012E9,82.36604296152876
1.406987105517663E9,78.0882379641421
1.406987110606105E9,80.19407385670875
1.406987115908298E9,82.36604296152876
1.406987121435243E9,80.19407385670875
1.406987128395456E9,82.36604296152876
1.406987133302419E9,78.0882379641421
1.406987138514808E9,80.19407385670875
1.4069871436833E9,78.0882379641421
1.406987149495017E9,78.0882379641421
1.406987155089391E9,80.19407385670875
1.406987160140964E9,80.2602070689621
1.406987165406504E9,78.0882379641421
1.406987170913134E9,78.0882379641421
1.406987176448644E9,82.36604296152876
1.406987181601227E9,80.19407385670875
1.406987186996794E9,80.2602070689621
1.406987192469247E9,82.36604296152876
1.406987197788804E9,78.0882379641421
1.406987202927246E9,80.2602070689621
1.40698720816889E9,80.19407385670875
1.40698721341067E9,80.19407385670875
1.406987218541036E9,0.0
1.406987223665638E9,4.446705653592922
1.406987229079252E9,2.274736548772909
1.406987234134793E9,0.0
1.406987239410131E9,4.446705653592922
1.406987244705961E9,0.0
1.406987250590065E9,0.0
1.406987256037093E9,0.0
1.406987261162533E9,2.274736548772909
1.406987266523969E9,2.1719691048200125
1.406987271905478E9,0.0
1.40698727732733E9,0.0
1.406987282915583E9,4.446705653592922
1.406987288494215E9,2.274736548772909
1.406987293739241E9,0.0
1.406987298775695E9,0.0
1.406987304059761E9,2.274736548772909
1.406987310784235E9,4.446705653592922
1.406987316252024E9,2.274736548772909
1.406987321436716E9,2.1719691048200125
1.406987326650343E9,0.0
1.406987332084882E9,0.0
1.406987337336443E9,4.446705653592922
1.406987342650506E9,0.0
1.406987348359242E9,2.1719691048200125
1.406987353614061E9,2.274736548772909
1.406987358860447E9,2.274736548772909
1.406987364823073E9,4.446705653592922
1.406987370056306E9,2.274736548772909
1.406987375261493E9,0.0
1.406987380314539E9,2.274736548772909
1.406987386281213E9,2.274736548772909
1.406987391657477E9,2.274736548772909
1.406987396804099E9,0.0
1.406987402009061E9,0.0
1.406987407495624E9,2.274736548772909
1.406987412679384E9,0.0
1.40698741800299E9,2.274736548772909
1.406987423970029E9,0.0
1.406987429261114E9,0.0
1.406987434362648E9,2.274736548772909
1.406987439575674E9,0.0
1.406987445228318E9,2.274736548772909
1.406987450193389E9,0.0
1.406987455583984E9,2.274736548772909
1.406987461020944E9,2.1719691048200125
1.406987466915552E9,0.0
1.406987472343092E9,2.1719691048200125
1.406987477437466E9,2.274736548772909
1.406987483058154E9,2.274736548772909
1.406987488712806E9,0.0
1.406987493760867E9,2.274736548772909
1.406987499016009E9,0.0
1.406987504750793E9,2.274736548772909
1.406987510420441E9,2.274736548772909
1.406987515493482E9,2.1719691048200125
1.406987520814215E9,0.0
1.406987526782588E9,2.1719691048200125
1.406987531958185E9,0.0
1.406987536977244E9,2.274736548772909
1.406987542562182E9,2.1719691048200125
1.406987548385781E9,2.274736548772909
1.406987553937394E9,2.1719691048200125
1.40698755880365E9,0.0
1.406987564302859E9,2.274736548772909
1.406987569883927E9,2.1719691048200125
1.406987575153575E9,0.0
1.406987580454028E9,0.0
1.40698758601968E9,4.446705653592922
1.40698759203427E9,2.274736548772909
1.406987597352767E9,4.446705653592922
1.406987602256781E9,2.274736548772909
1.406987607837962E9,0.0
1.406987613520217E9,2.1719691048200125
1.406987618735031E9,2.274736548772909
1.406987623880542E9,2.274736548772909
1.40698762898004E9,2.274736548772909
1.406987634530778E9,0.0
1.406987640043026E9,4.446705653592922
1.406987645173562E9,2.274736548772909
1.406987650430264E9,2.274736548772909
1.406987655754522E9,2.1719691048200125
1.406987661172189E9,0.0
1.40698766635104E9,2.274736548772909
1.40698767167681E9,2.1719691048200125
1.406987676996884E9,0.0
1.406987682451584E9,4.446705653592922
1.406987687802212E9,0.0
1.406987693055781E9,2.274736548772909
1.406987698473654E9,2.1719691048200125
1.406987703795772E9,2.274736548772909
1.406987709030292E9,4.446705653592922
1.406987714345866E9,0.0
1.406987719795436E9,0.0
1.406987725270986E9,2.1719691048200125
1.406987730531548E9,2.274736548772909
1.406987735661966E9,0.0
1.406987740707515E9,2.274736548772909
1.406987746415154E9,0.0
1.406987751911784E9,2.274736548772909
1.406987757118208E9,4.446705653592922
1.406987762453288E9,2.274736548772909
1.406987767712314E9,0.0
1.406987773006966E9,2.1719691048200125
1.40698777815771E9,2.274736548772909
1.406987783425195E9,0.0
1.406987789045554E9,2.1719691048200125
1.406987794628811E9,0.0
1.406987799870594E9,2.274736548772909
1.406987805020295E9,2.274736548772909
1.406987810588369E9,0.0
1.40698781598516E9,4.446705653592922
1.406987821218928E9,0.0
1.406987826458479E9,2.274736548772909
1.406987831806004E9,0.0
1.406987837255733E9,0.0
1.406987842770346E9,2.274736548772909
1.406987848509707E9,4.446705653592922
1.406987853684901E9,2.1719691048200125
1.40698785906178E9,2.274736548772909
1.406987864595641E9,0.0
1.406987870208991E9,0.0
1.406987875127217E9,2.274736548772909
1.406987880329849E9,0.0
1.40698788631737E9,0.0
1.40698789202217E9,4.446705653592922
1.406987896980198E9,0.0
1.406987902503106E9,2.274736548772909
1.406987907875001E9,2.1719691048200125
1.406987913270211E9,0.0
1.406987918520684E9,2.274736548772909
1.406987923903462E9,2.274736548772909
1.406987929267195E9,2.274736548772909
1.406987934590507E9,0.0
1.406987939698634E9,2.274736548772909
1.406987944813841E9,0.0
1.406987950268041E9,0.0
1.406987955855514E9,4.446705653592922
1.406987961280744E9,0.0
1.406987966432778E9,2.274736548772909
1.406987971897252E9,2.1719691048200125
1.406987977236898E9,0.0
1.406987982899368E9,2.274736548772909
1.406987988349072E9,0.0
1.406987993504584E9,2.274736548772909
1.406987999157925E9,4.446705653592922
1.406988004433711E9,0.0
1.406988009600262E9,2.274736548772909
1.406988015081995E9,2.1719691048200125
1.406988020282022E9,2.274736548772909
1.406988025811086E9,0.0
1.406988030946414E9,0.0
1.406988036360033E9,2.274736548772909
1.406988041384993E9,0.0
1.406988046796968E9,2.1719691048200125
1.406988052436608E9,0.0
1.406988057792191E9,4.446705653592922
1.406988063331715E9,0.0
1.406988068837375E9,2.274736548772909
1.406988074041836E9,2.274736548772909
1.406988079183388E9,0.0
1.406988084652907E9,2.1719691048200125
1.406988090021507E9,2.274736548772909
1.406988095619119E9,2.274736548772909
1.406988100810082E9,2.1719691048200125
1.406988106427367E9,2.274736548772909
1.406988111914655E9,4.446705653592922
1.406988116773939E9,0.0
1.40698812179453E9,2.274736548772909
1.406988127454346E9,0.0
1.406988133436134E9,0.0
1.406988139059393E9,4.446705653592922
1.406988144398394E9,2.274736548772909
1.40698814993489E9,2.274736548772909
1.406988155311254E9,4.446705653592922
1.406988160625777E9,0.0
1.406988166100711E9,0.0
1.406988171473089E9,4.446705653592922
1.406988177049635E9,0.0
1.406988182518653E9,2.274736548772909
1.406988187800402E9,2.274736548772909
1.406988193358089E9,0.0
1.406988199261738E9,2.1719691048200125
1.406988204764519E9,2.274736548772909
1.40698820965469E9,2.274736548772909
1.406988215402799E9,4.446705653592922
1.406988220910146E9,0.0
1.406988226260696E9,0.0
1.406988231159602E9,4.446705653592922
1.406988236715715E9,2.274736548772909
1.406988242430706E9,2.274736548772909
1.406988247656504E9,2.1719691048200125
1.40698825294488E9,2.274736548772909
1.406988258465034E9,2.1719691048200125
1.406988264186066E9,0.0
1.406988269557008E9,2.274736548772909
1.406988274785711E9,2.1719691048200125
1.406988280211284E9,2.274736548772909
1.406988285757661E9,0.0
1.406988290685526E9,2.274736548772909
1.406988296031389E9,2.274736548772909
1.406988301942336E9,0.0
1.40698830728145E9,0.0
1.406988312527283E9,2.274736548772909
1.406988317681763E9,2.274736548772909
1.40698832326853E9,2.274736548772909
1.406988328531871E9,0.0
1.406988334156837E9,0.0
1.406988339002492E9,2.274736548772909
1.406988344732464E9,2.274736548772909
1.406988350169945E9,2.274736548772909
1.406988355339798E9,0.0
1.406988360511286E9,2.274736548772909
1.40698836631565E9,2.274736548772909
1.406988372131703E9,2.274736548772909
1.406988377415813E9,4.446705653592922
1.406988382629404E9,0.0
1.406988388011028E9,2.1719691048200125
1.406988393475671E9,0.0
1.40698839877938E9,2.274736548772909
1.406988404282806E9,2.274736548772909
1.406988409280222E9,0.0
1.406988415007237E9,2.1719691048200125
1.40698842021293E9,0.0
1.40698842562703E9,2.274736548772909
1.406988431042747E9,2.274736548772909
1.406988436323427E9,2.274736548772909
1.406988441520614E9,0.0
1.406988446626089E9,2.274736548772909
1.406988451699653E9,0.0
1.406988457007137E9,4.446705653592922
1.406988462329929E9,0.0
1.406988467729216E9,2.274736548772909
1.406988472986904E9,0.0
1.406988478516473E9,0.0
1.406988483745937E9,2.274736548772909
1.406988488857517E9,4.446705653592922
1.406988493934856E9,0.0
1.406988499233523E9,0.0
1.406988504632944E9,2.1719691048200125
1.406988510236725E9,0.0
1.406988515497213E9,2.274736548772909
1.406988520687376E9,4.446705653592922
1.406988525937661E9,0.0
1.406988531578797E9,2.1719691048200125
1.406988537036636E9,0.0
1.406988542314588E9,2.274736548772909
1.406988547483215E9,4.446705653592922
1.406988553157067E9,2.274736548772909
1.406988558579035E9,0.0
1.406988565310796E9,0.0
1.406988570531842E9,4.446705653592922
1.406988576354441E9,2.274736548772909
1.406988581645938E9,2.274736548772909
1.406988586971169E9,2.274736548772909
1.40698859231183E9,0.0
1.406988597676686E9,2.1719691048200125
1.406988603169981E9,0.0
1.406988608440769E9,2.274736548772909
1.40698861375099E9,2.1719691048200125
1.406988619372922E9,0.0
1.406988624742476E9,2.274736548772909
1.406988630089427E9,0.0
1.406988635387934E9,2.274736548772909
1.406988640746552E9,0.0
1.406988645988855E9,0.0
1.406988651376085E9,0.0
1.4069886569547E9,2.274736548772909
1.406988662007912E9,2.274736548772909
1.40698866779785E9,0.0
1.406988673623238E9,2.1719691048200125
1.406988678593845E9,0.0
1.406988683799427E9,2.274736548772909
1.406988689267403E9,2.274736548772909
1.406988695564488E9,2.274736548772909
1.40698870047646E9,4.446705653592922
1.406988705489432E9,0.0
1.406988710898676E9,2.274736548772909
1.406988716498614E9,2.274736548772909
1.406988721680339E9,2.274736548772909
1.406988726892819E9,2.1719691048200125
1.406988732375961E9,0.0
1.406988738353862E9,0.0
1.406988743434846E9,0.0
1.40698874852716E9,2.274736548772909
1.406988754032721E9,0.0
1.406988759311869E9,2.1719691048200125
1.406988764525571E9,2.274736548772909
1.406988770043554E9,2.1719691048200125
1.406988775494125E9,2.274736548772909
1.406988781014936E9,0.0
1.406988786513969E9,0.0
1.406988791909527E9,2.274736548772909
1.406988797398666E9,4.446705653592922
1.406988802733675E9,0.0
1.406988808022782E9,4.446705653592922
1.406988813229522E9,0.0
1.406988818737658E9,2.274736548772909
1.406988824080417E9,4.446705653592922
1.406988829259366E9,0.0
1.406988834618138E9,2.274736548772909
1.406988839918242E9,4.446705653592922
1.406988845304866E9,2.274736548772909
1.40698885077178E9,0.0
1.406988856015392E9,2.1719691048200125
1.406988861151801E9,2.274736548772909
1.406988866570413E9,2.274736548772909
1.406988871954303E9,0.0
1.40698887751291E9,0.0
1.406988882407471E9,2.274736548772909
1.406988887911356E9,4.446705653592922
1.406988893783227E9,2.274736548772909
1.406988899052298E9,4.446705653592922
1.406988904306673E9,0.0
1.406988910260743E9,0.0
1.406988916185582E9,0.0
1.40698892146486E9,0.0
1.406988926957428E9,4.446705653592922
1.406988932069232E9,2.274736548772909
1.406988937660576E9,2.274736548772909
1.406988943055131E9,2.274736548772909
1.406988948406897E9,0.0
1.406988953503128E9,2.274736548772909
1.406988959215965E9,0.0
1.406988964729271E9,2.274736548772909
1.406988969647724E9,2.1719691048200125
1.40698897529748E9,0.0
1.406988980991919E9,2.274736548772909
1.406988986714848E9,4.446705653592922
1.406988993159506E9,2.274736548772909
1.406988998235983E9,0.0
1.406989003441316E9,2.274736548772909
1.406989008789065E9,0.0
1.406989014229272E9,2.1719691048200125
1.406989019992926E9,2.274736548772909
1.406989025086515E9,0.0
1.406989030273074E9,2.274736548772909
1.406989035894407E9,0.0
1.406989041311915E9,2.1719691048200125
1.406989046216353E9,0.0
1.4069890514683E9,2.274736548772909
1.406989057188802E9,2.274736548772909
1.406989062680247E9,0.0
1.406989067505486E9,2.274736548772909
1.40698907252315E9,2.1719691048200125
1.406989078413023E9,0.0
1.406989084130184E9,0.0
1.406989089215065E9,0.0
1.406989094397144E9,2.274736548772909
1.406989100621271E9,2.274736548772909
1.406989105940843E9,0.0
1.40698911080818E9,2.1719691048200125
1.406989116082883E9,0.0
1.406989121961686E9,2.274736548772909
1.406989127437012E9,4.446705653592922
1.406989132518833E9,0.0
1.406989137773044E9,130.7325995652595
1.406989143022845E9,92.8289817121953
1.406989148110113E9,94.93478177145748
1.406989153402246E9,97.10675087627749
1.40698915868093E9,94.93478177145748
1.406989164105846E9,94.93478177145748
1.406989169379511E9,97.10675087627749
1.406989174618855E9,94.93478177145748
1.406989179865591E9,94.93478177145748
1.406989185440505E9,97.10675087627749
1.406989190561525E9,92.8289817121953
1.406989195949334E9,92.8289817121953
1.406989201278522E9,95.00095081701531
1.406989206888071E9,90.72317653388961
1.406989212057895E9,90.72317653388961
1.406989217315014E9,90.78933534136046
1.406989222683013E9,86.51155082014776
1.406989228399639E9,90.78933534136046
1.406989233965494E9,86.51155082014776
1.406989239260493E9,88.61736623654045
1.406989244119251E9,88.68351992496777
1.406989249813539E9,86.51155082014776
1.406989255682191E9,84.40573028471158
1.406989261025715E9,84.40573028471158
1.406989266075462E9,84.40573028471158
1.406989271642095E9,84.40573028471158
1.406989277279387E9,84.40573028471158
1.406989282730612E9,82.29990463023192
1.406989288083329E9,86.57769938953159
1.406989293545061E9,82.29990463023192
1.406989299204856E9,82.29990463023192
1.406989304470959E9,84.47187373505193
1.406989309959815E9,82.29990463023192
1.406989315327404E9,84.47187373505193
1.406989320932071E9,84.40573028471158
1.40698932643939E9,82.29990463023192
1.406989331945012E9,84.40573028471158
1.406989336793729E9,82.29990463023192
1.406989342683394E9,82.29990463023192
1.406989348428726E9,84.40573028471158
1.406989353747046E9,84.40573028471158
1.406989359004679E9,84.40573028471158
1.406989364875594E9,84.40573028471158
1.406989370050934E9,82.29990463023192
1.406989375073348E9,84.40573028471158
1.406989380256805E9,84.40573028471158
1.406989385916937E9,84.47187373505193
1.406989391464877E9,82.29990463023192
1.406989396540851E9,82.29990463023192
1.406989401762159E9,84.40573028471158
1.406989407186675E9,84.40573028471158
1.406989412527574E9,84.47187373505193
1.406989417698818E9,84.40573028471158
1.406989422925431E9,84.40573028471158
1.406989428266962E9,84.47187373505193
1.406989433726755E9,84.40573028471158
1.406989439063105E9,86.57769938953159
1.406989444175371E9,84.40573028471158
1.406989449401657E9,82.29990463023192
1.406989454994662E9,86.57769938953159
1.406989460202951E9,84.40573028471158
1.406989465413725E9,84.40573028471158
1.406989470680168E9,86.57769938953159
1.406989476464114E9,84.40573028471158
1.406989481756671E9,84.40573028471158
1.406989487016593E9,84.40573028471158
1.40698949260975E9,84.40573028471158
1.406989498491111E9,84.40573028471158
1.406989503921581E9,84.40573028471158
1.406989508995132E9,86.57769938953159
1.4069895141697E9,84.40573028471158
1.406989519771282E9,84.40573028471158
1.406989525212694E9,86.57769938953159
1.406989530563363E9,84.40573028471158
1.406989535660834E9,82.29990463023192
1.406989541108464E9,86.57769938953159
1.406989546517044E9,84.40573028471158
1.406989551457469E9,82.29990463023192
1.40698955678915E9,86.57769938953159
1.406989562365654E9,82.29990463023192
1.406989568147083E9,84.47187373505193
1.40698957334301E9,80.19407385670875
1.406989578646125E9,82.29990463023192
1.406989583854618E9,82.36604296152876
1.406989589228507E9,82.29990463023192
1.406989595886118E9,84.47187373505193
1.406989601285629E9,80.19407385670875
1.406989607310997E9,82.36604296152876
1.406989612382783E9,82.29990463023192
1.406989617518151E9,80.19407385670875
1.406989623034889E9,80.19407385670875
1.406989629924885E9,80.19407385670875
1.406989634976958E9,80.19407385670875
1.406989640315215E9,82.29990463023192
1.406989645729788E9,80.19407385670875
1.40698965121985E9,80.19407385670875
1.406989656498266E9,78.0882379641421
1.406989661983848E9,80.19407385670875
1.406989667400897E9,78.0882379641421
1.406989672505081E9,80.19407385670875
1.406989677768425E9,82.36604296152876
1.406989682960077E9,80.19407385670875
1.406989688439573E9,78.0882379641421
1.406989695313017E9,78.0882379641421
1.406989700549771E9,80.19407385670875
1.406989705634562E9,82.36604296152876
1.406989710984942E9,80.19407385670875
1.406989715795212E9,78.0882379641421
1.406989721425012E9,82.36604296152876
1.406989727937689E9,80.19407385670875
1.406989732902083E9,80.19407385670875
1.406989738178645E9,78.0882379641421
1.406989743861762E9,78.0882379641421
1.406989749302435E9,80.19407385670875
1.406989754475421E9,78.0882379641421
1.40698976008898E9,80.2602070689621
1.406989765405307E9,78.0882379641421
1.406989770632072E9,78.0882379641421
1.406989775871597E9,82.36604296152876
1.406989780989858E9,0.0
1.406989786625979E9,2.1719691048200125
1.406989791935211E9,2.274736548772909
1.406989797256891E9,2.274736548772909
1.406989802182973E9,2.1719691048200125
1.406989807859682E9,2.274736548772909
1.406989813119462E9,4.446705653592922
1.406989818607881E9,2.274736548772909
1.406989823956884E9,0.0
1.406989829442896E9,2.1719691048200125
1.406989834738548E9,2.274736548772909
1.406989839933196E9,2.1719691048200125
1.406989844821449E9,2.274736548772909
1.406989850473888E9,0.0
1.406989856533785E9,2.1719691048200125
1.406989861909199E9,2.274736548772909
1.406989866747734E9,2.1719691048200125
1.406989872328715E9,2.1719691048200125
1.406989878187161E9,2.274736548772909
1.406989883466627E9,2.1719691048200125
1.406989888625158E9,2.274736548772909
1.406989893689585E9,2.274736548772909
1.406989899223342E9,4.446705653592922
1.406989904648216E9,0.0
1.406989909536009E9,2.274736548772909
1.40698991516618E9,4.446705653592922
1.406989920964503E9,2.274736548772909
1.406989926346356E9,2.274736548772909
1.406989931532868E9,2.1719691048200125
1.406989936758096E9,0.0
1.406989942189552E9,2.1719691048200125
1.406989947456187E9,2.274736548772909
1.406989952895047E9,2.274736548772909
1.406989958331153E9,4.446705653592922
1.406989963456406E9,0.0
1.406989968744698E9,2.274736548772909
1.406989973957634E9,2.274736548772909
1.406989979253423E9,2.274736548772909
1.406989984769028E9,2.1719691048200125
1.40698999060439E9,2.274736548772909
1.406989995966991E9,0.0
1.40699000083529E9,0.0
1.406990006304648E9,2.274736548772909
1.406990011691836E9,2.1719691048200125
1.406990016844594E9,0.0
1.406990021963641E9,2.274736548772909
1.406990027314215E9,2.274736548772909
1.406990032455231E9,0.0
1.406990037570306E9,2.274736548772909
1.406990042886008E9,4.446705653592922
1.406990048498619E9,2.274736548772909
1.406990055095264E9,0.0
1.406990060476915E9,2.274736548772909
1.406990065728431E9,0.0
1.406990071036419E9,2.274736548772909
1.406990076443486E9,0.0
1.406990081716973E9,2.274736548772909
1.406990087053931E9,0.0
1.406990092675479E9,0.0
1.406990097713561E9,4.446705653592922
1.406990103083462E9,2.274736548772909
1.406990108708832E9,2.274736548772909
1.406990113867536E9,0.0
1.406990119359968E9,0.0
1.406990124617607E9,2.274736548772909
1.406990130353923E9,2.274736548772909
1.406990135789658E9,0.0
1.406990140726961E9,2.1719691048200125
1.406990146375757E9,0.0
1.406990152038276E9,4.446705653592922
1.406990157448725E9,2.274736548772909
1.406990162807319E9,0.0
1.406990168104902E9,2.1719691048200125
1.40699017350771E9,0.0
1.406990179046366E9,4.446705653592922
1.406990184671867E9,2.274736548772909
1.406990190268391E9,2.274736548772909
1.406990195420689E9,2.1719691048200125
1.406990200522062E9,0.0
1.40699020597872E9,2.274736548772909
1.406990211142233E9,2.274736548772909
1.406990216375848E9,0.0
1.406990221612402E9,4.446705653592922
1.406990227207993E9,2.274736548772909
1.406990232587546E9,2.274736548772909
1.406990237778071E9,0.0
1.406990243099835E9,0.0
1.406990248380851E9,2.274736548772909
1.406990253670893E9,2.274736548772909
1.406990259166057E9,2.274736548772909
1.40699026459883E9,0.0
1.40699026983437E9,2.274736548772909
1.406990275185656E9,0.0
1.406990280533739E9,2.274736548772909
1.406990285851247E9,0.0
1.406990291256894E9,2.274736548772909
1.406990296996892E9,0.0
1.406990302619941E9,0.0
1.406990307756284E9,2.274736548772909
1.40699031263898E9,2.274736548772909
1.406990317850558E9,2.1719691048200125
1.406990324058853E9,0.0
1.406990329317119E9,2.1719691048200125
1.406990334611775E9,2.274736548772909
1.406990340011666E9,2.274736548772909
1.406990345708216E9,4.446705653592922
1.406990350848258E9,0.0
1.406990356284474E9,2.274736548772909
1.406990361477114E9,0.0
1.406990366832805E9,2.274736548772909
1.406990372041663E9,4.446705653592922
1.406990377299161E9,2.274736548772909
1.406990382606742E9,0.0
1.406990388083592E9,0.0
1.406990393748171E9,2.274736548772909
1.406990399281739E9,2.1719691048200125
1.40699040420786E9,2.274736548772909
1.406990409634796E9,0.0
1.406990416574457E9,2.274736548772909
1.406990421924015E9,2.274736548772909
1.406990427317986E9,4.446705653592922
1.406990432604068E9,0.0
1.406990437983627E9,2.274736548772909
1.406990443099911E9,0.0
1.40699044851274E9,2.274736548772909
1.406990454168248E9,4.446705653592922
1.406990459474876E9,2.274736548772909
1.406990464780426E9,0.0
1.406990470075833E9,2.1719691048200125
1.406990475277247E9,2.274736548772909
1.406990480549105E9,2.274736548772909
1.406990485806155E9,0.0
1.406990491021021E9,2.274736548772909
1.406990496435188E9,2.274736548772909
1.406990501820146E9,4.446705653592922
1.406990506961411E9,0.0
1.406990512366329E9,0.0
1.406990517994778E9,2.274736548772909
1.406990523421415E9,0.0
1.406990528681727E9,4.446705653592922
1.406990533872807E9,0.0
1.406990538952082E9,4.446705653592922
1.406990544148995E9,0.0
1.406990549521997E9,2.274736548772909
1.406990554906817E9,2.1719691048200125
1.406990560777159E9,2.274736548772909
1.406990566155298E9,4.446705653592922
1.40699057123712E9,0.0
1.40699057613161E9,0.0
1.406990581774405E9,4.446705653592922
1.406990587749042E9,2.274736548772909
1.40699059297601E9,4.446705653592922
1.406990598176158E9,2.274736548772909
1.406990603604343E9,0.0
1.406990608900961E9,2.274736548772909
1.406990614114672E9,0.0
1.406990619568115E9,2.274736548772909
1.406990625509732E9,2.274736548772909
1.406990630959441E9,2.274736548772909
1.406990636100998E9,4.446705653592922
1.406990641746322E9,0.0
1.406990646959523E9,2.274736548772909
1.406990651818226E9,2.1719691048200125
1.406990657488514E9,2.274736548772909
1.406990663037702E9,4.446705653592922
1.406990668168229E9,0.0
1.406990673666835E9,2.274736548772909
1.406990679045725E9,2.1719691048200125
1.406990684342019E9,2.274736548772909
1.406990689906359E9,0.0
1.406990695233102E9,4.446705653592922
1.406990700622045E9,0.0
1.40699070641245E9,0.0
1.406990711285693E9,4.446705653592922
1.406990716506588E9,0.0
1.406990721568613E9,0.0
1.406990727056298E9,4.446705653592922
1.406990732475205E9,2.274736548772909
1.406990737740261E9,0.0
1.406990743023852E9,0.0
1.406990748121805E9,0.0
1.406990753348097E9,4.446705653592922
1.406990758667587E9,2.274736548772909
1.406990763857473E9,0.0
1.406990769088152E9,2.1719691048200125
1.406990774412421E9,0.0
1.406990779857832E9,2.274736548772909
1.406990785202319E9,4.446705653592922
1.406990790551888E9,2.274736548772909
1.406990795665441E9,0.0
1.406990800906201E9,2.274736548772909
1.406990806131505E9,2.274736548772909
1.406990811415995E9,2.274736548772909
1.406990816849529E9,2.1719691048200125
1.40699082217459E9,0.0
1.406990827755685E9,4.446705653592922
1.406990833358288E9,0.0
1.406990839011763E9,4.446705653592922
1.406990844277324E9,2.274736548772909
1.406990849596937E9,2.274736548772909
1.406990855032695E9,0.0
1.40699086048011E9,0.0
1.406990865908613E9,2.1719691048200125
1.406990871055376E9,0.0
1.406990876870831E9,2.274736548772909
1.406990882327387E9,2.1719691048200125
1.40699088735914E9,2.274736548772909
1.406990892626059E9,0.0
1.406990898245594E9,2.1719691048200125
1.406990903562503E9,2.274736548772909
1.406990908865785E9,2.274736548772909
1.406990913748151E9,0.0
1.406990919252108E9,0.0
1.406990924848954E9,4.446705653592922
1.406990929983203E9,2.274736548772909
1.406990935245826E9,4.446705653592922
1.406990940612553E9,2.274736548772909
1.406990946295776E9,2.274736548772909
1.406990951522424E9,2.1719691048200125
1.406990956909899E9,2.274736548772909
1.40699096234152E9,2.274736548772909
1.40699096764008E9,4.446705653592922
1.406990973124894E9,2.274736548772909
1.406990978664985E9,0.0
1.406990984723086E9,0.0
1.406990989687366E9,2.274736548772909
1.406990995069941E9,0.0
1.406991001105532E9,0.0
1.406991006833872E9,2.274736548772909
1.406991011658363E9,2.1719691048200125
1.406991017139401E9,2.274736548772909
1.406991022875881E9,0.0
1.40699102812038E9,0.0
1.406991033056526E9,2.274736548772909
1.406991038663359E9,2.1719691048200125
1.406991044718659E9,2.274736548772909
1.406991049589403E9,0.0
1.406991054788111E9,4.446705653592922
1.406991060208404E9,2.274736548772909
1.406991065689236E9,2.274736548772909
1.406991070861663E9,2.1719691048200125
1.406991076294486E9,0.0
1.406991081737783E9,2.274736548772909
1.40699108741247E9,2.274736548772909
1.406991092772986E9,2.274736548772909
1.406991097874281E9,2.1719691048200125
1.406991103022003E9,2.274736548772909
1.406991108397826E9,2.274736548772909
1.406991113861195E9,2.1719691048200125
1.406991119121703E9,2.274736548772909
1.406991124349208E9,0.0
1.406991129871762E9,4.446705653592922
1.406991135371381E9,2.274736548772909
1.406991140403316E9,2.274736548772909
1.406991145644603E9,0.0
1.406991151764996E9,0.0
1.406991157075065E9,0.0
1.406991161966827E9,4.446705653592922
1.406991166968316E9,0.0
1.406991172659328E9,0.0
1.406991178037979E9,0.0
1.406991183603327E9,2.274736548772909
1.406991189210926E9,4.446705653592922
1.406991194707321E9,0.0
1.406991199802936E9,2.274736548772909
1.406991205251423E9,2.274736548772909
1.406991210808348E9,2.274736548772909
1.406991216142916E9,2.274736548772909
1.406991221343206E9,4.446705653592922
1.406991226562601E9,0.0
1.406991231889263E9,2.274736548772909
1.406991237366151E9,2.274736548772909
1.406991242256156E9,0.0
1.4069912478996E9,0.0
1.406991253354361E9,0.0
1.406991258981194E9,2.274736548772909
1.406991264044345E9,4.446705653592922
1.406991269599287E9,0.0
1.406991275024553E9,2.1719691048200125
1.406991280180962E9,0.0
1.406991285708303E9,2.274736548772909
1.406991291124591E9,2.274736548772909
1.406991296305038E9,2.274736548772909
1.406991301504445E9,0.0
1.406991306760842E9,4.446705653592922
1.40699131219452E9,2.274736548772909
1.406991317653072E9,0.0
1.406991322922861E9,4.446705653592922
1.406991328575071E9,0.0
1.406991333986802E9,4.446705653592922
1.406991339291525E9,2.274736548772909
1.406991344817085E9,0.0
1.406991350088433E9,2.1719691048200125
1.406991355497833E9,2.274736548772909
1.406991360352363E9,0.0
1.406991365773225E9,2.274736548772909
1.406991371130541E9,0.0
1.406991376693145E9,2.274736548772909
1.406991381899451E9,4.446705653592922
1.406991387239728E9,0.0
1.406991392809035E9,2.274736548772909
1.406991398328238E9,2.1719691048200125
1.406991403629877E9,2.274736548772909
1.406991408684431E9,0.0
1.406991414191983E9,2.274736548772909
1.406991419610478E9,0.0
1.406991424854536E9,2.274736548772909
1.406991430055334E9,2.274736548772909
1.406991435527148E9,0.0
1.406991440897791E9,2.274736548772909
1.406991446261436E9,0.0
1.406991451950141E9,2.274736548772909
1.406991457392642E9,2.274736548772909
1.40699146265655E9,0.0
1.406991468015191E9,4.446705653592922
1.406991473533911E9,0.0
1.406991478917994E9,2.274736548772909
1.406991484476975E9,2.274736548772909
1.406991489764696E9,0.0
1.406991495127239E9,0.0
1.406991500505098E9,2.1719691048200125
1.406991505604167E9,2.274736548772909
1.406991510842882E9,0.0
1.406991516229426E9,2.274736548772909
1.406991521659565E9,0.0
1.40699152686467E9,2.274736548772909
1.406991532128602E9,0.0
1.406991537405862E9,0.0
1.406991542979744E9,2.274736548772909
1.406991548442578E9,0.0
1.406991553738358E9,2.274736548772909
1.406991559093913E9,2.274736548772909
1.406991564434382E9,0.0
1.406991569736842E9,0.0
1.406991575025524E9,2.274736548772909
1.406991580438104E9,2.274736548772909
1.406991586068485E9,2.1719691048200125
1.406991591664239E9,0.0
1.406991597050704E9,0.0
1.406991602186301E9,0.0
1.40699160731155E9,2.274736548772909
1.406991612394757E9,0.0
1.406991617622051E9,4.446705653592922
1.406991623069369E9,2.274736548772909
1.406991628550043E9,4.446705653592922
1.406991634205364E9,2.274736548772909
1.406991639447878E9,0.0
1.406991644895599E9,2.1719691048200125
1.406991650125423E9,0.0
1.406991655559989E9,2.274736548772909
1.406991660931335E9,0.0
1.406991666265859E9,2.274736548772909
1.406991671499613E9,2.1719691048200125
1.406991676998919E9,892.6643819095807
1.406991682487744E9,90.72317653388961
1.40699168756123E9,95.00095081701531
1.406991693082828E9,94.93478177145748
1.406991698749875E9,97.04057671167617
1.406991703947067E9,97.04057671167617
1.406991709049532E9,97.04057671167617
1.4069917147829E9,97.04057671167617
1.406991720052898E9,94.93478177145748
1.406991725457146E9,94.93478177145748
1.406991730710478E9,94.93478177145748
1.406991736200694E9,94.93478177145748
1.406991741951706E9,92.8289817121953
1.406991746969743E9,90.72317653388961
1.406991752263508E9,90.72317653388961
1.406991757445532E9,88.61736623654045
1.406991762577025E9,90.78933534136046
1.406991768189315E9,88.61736623654045
1.406991773411787E9,90.78933534136046
1.406991778868418E9,86.51155082014776
1.406991784338224E9,86.51155082014776
1.406991789487734E9,86.57769938953159
1.406991794776688E9,84.40573028471158
1.40699180026669E9,84.40573028471158
1.406991805573091E9,86.57769938953159
1.406991811143371E9,84.40573028471158
1.406991816417299E9,86.57769938953159
1.406991821578736E9,84.40573028471158
1.406991826964423E9,82.29990463023192
1.406991832515363E9,84.47187373505193
1.406991837858521E9,82.29990463023192
1.406991843234087E9,84.40573028471158
1.406991848405803E9,84.47187373505193
1.406991853754941E9,82.29990463023192
1.406991859079852E9,84.40573028471158
1.40699186444497E9,82.29990463023192
1.406991869755773E9,84.40573028471158
1.40699187495277E9,86.57769938953159
1.406991880189308E9,82.29990463023192
1.406991885657443E9,82.29990463023192
1.406991891159738E9,86.57769938953159
1.406991896109656E9,82.29990463023192
1.406991901594052E9,84.40573028471158
1.40699190676355E9,86.57769938953159
1.406991912682993E9,84.40573028471158
1.406991918148786E9,84.47187373505193
1.406991923578074E9,82.29990463023192
1.406991929171789E9,84.40573028471158
1.406991934427475E9,86.57769938953159
1.406991939925205E9,82.29990463023192
1.406991945668234E9,86.57769938953159
1.406991950835099E9,84.40573028471158
1.406991956235164E9,82.29990463023192
1.406991961667269E9,84.40573028471158
1.406991966763799E9,84.40573028471158
1.406991972453335E9,86.57769938953159
1.406991978160213E9,84.40573028471158
1.40699198347937E9,86.57769938953159
1.406991988593958E9,84.40573028471158
1.406991993840448E9,84.40573028471158
1.406991999193243E9,86.57769938953159
1.406992004667621E9,84.40573028471158
1.406992009891729E9,84.40573028471158
1.406992015524524E9,84.40573028471158
1.406992020408297E9,84.40573028471158
1.406992025940078E9,84.40573028471158
1.406992032978526E9,86.51155082014776
1.40699203781897E9,86.57769938953159
1.406992043200519E9,86.51155082014776
1.406992049426301E9,86.57769938953159
1.406992054817319E9,84.40573028471158
1.406992060087199E9,82.29990463023192
1.406992065258848E9,86.57769938953159
1.406992071345332E9,84.40573028471158
1.406992076398036E9,84.40573028471158
1.406992081728536E9,84.40573028471158
1.406992086975297E9,82.29990463023192
1.406992092973756E9,86.57769938953159
1.406992098157233E9,82.29990463023192
1.406992103065267E9,82.29990463023192
1.406992108287481E9,86.57769938953159
1.406992113709812E9,84.40573028471158
1.406992119373371E9,82.29990463023192
1.406992124282729E9,84.47187373505193
1.406992130034583E9,82.29990463023192
1.406992136389383E9,82.29990463023192
1.40699214127107E9,82.29990463023192
1.406992146608138E9,82.29990463023192
1.406992152304714E9,82.29990463023192
1.40699215780025E9,80.19407385670875
1.406992162762299E9,82.29990463023192
1.406992168153685E9,82.29990463023192
1.406992174092785E9,82.29990463023192
1.406992179645509E9,84.47187373505193
1.40699218473218E9,82.29990463023192
1.406992189576553E9,82.29990463023192
1.406992195348402E9,82.29990463023192
1.406992200963399E9,82.29990463023192
1.40699220625132E9,84.47187373505193
1.406992211615822E9,80.19407385670875
1.406992216912399E9,82.29990463023192
1.406992222303453E9,82.36604296152876
1.406992227576721E9,80.19407385670875
1.406992232994847E9,80.19407385670875
1.406992239620795E9,80.19407385670875
1.406992244891233E9,82.29990463023192
1.406992250096846E9,82.29990463023192
1.406992256209421E9,82.36604296152876
1.406992261257437E9,80.19407385670875
1.406992266268137E9,80.19407385670875
1.406992271686101E9,80.19407385670875
1.4069922774116E9,80.19407385670875
1.406992283064413E9,80.19407385670875
1.406992288229748E9,82.36604296152876
1.406992293749307E9,80.19407385670875
1.406992299458912E9,82.36604296152876
1.406992304703239E9,80.19407385670875
1.406992310221998E9,80.19407385670875
1.406992315533554E9,82.36604296152876
1.406992320985532E9,80.19407385670875
1.40699232641069E9,80.19407385670875
1.406992331506977E9,82.36604296152876
1.406992336772479E9,80.19407385670875
1.406992342202324E9,80.2602070689621
1.406992347428548E9,80.19407385670875
1.406992352784104E9,80.19407385670875
1.406992358090885E9,80.19407385670875
1.40699236336971E9,78.0882379641421
1.406992368656987E9,78.0882379641421
1.406992373959754E9,82.36604296152876
1.406992379598181E9,78.0882379641421
1.406992385013361E9,82.36604296152876
1.406992390523116E9,80.19407385670875
1.406992395972829E9,0.0
1.406992401381308E9,0.0
1.40699240697792E9,2.274736548772909
1.406992412247863E9,4.446705653592922
1.406992417459903E9,0.0
1.406992424229368E9,2.1719691048200125
1.406992429901196E9,2.274736548772909
1.406992435269762E9,2.274736548772909
1.406992440455324E9,0.0
1.406992445926937E9,0.0
1.406992451092186E9,2.1719691048200125
1.406992456642945E9,2.274736548772909
1.406992462378585E9,2.274736548772909
1.406992467371758E9,2.1719691048200125
1.406992472699574E9,2.274736548772909
1.406992478192177E9,0.0
1.406992483490468E9,2.274736548772909
1.406992489167859E9,2.274736548772909
1.406992494571915E9,2.1719691048200125
1.406992499749105E9,2.274736548772909
1.406992505190962E9,0.0
1.406992510638895E9,4.446705653592922
1.406992515911412E9,0.0
1.406992520998541E9,2.274736548772909
1.406992526436735E9,4.446705653592922
1.406992531863598E9,2.274736548772909
1.406992537044187E9,4.446705653592922
1.406992542342507E9,0.0
1.406992547888262E9,0.0
1.406992553285939E9,0.0
1.406992558360101E9,2.274736548772909
1.406992563949781E9,0.0
1.406992569405345E9,2.274736548772909
1.406992575136086E9,2.274736548772909
1.406992580719655E9,2.1719691048200125
1.406992585900594E9,0.0
1.406992591353515E9,0.0
1.406992597264232E9,0.0
1.406992602458419E9,0.0
1.406992607662526E9,4.446705653592922
1.406992613045157E9,0.0
1.406992618585618E9,0.0
1.406992623842178E9,2.1719691048200125
1.406992629216912E9,0.0
1.406992634578362E9,4.446705653592922
1.406992640050758E9,0.0
1.406992644960276E9,2.274736548772909
1.406992650247098E9,2.1719691048200125
1.406992655889741E9,2.274736548772909
1.406992661845147E9,2.1719691048200125
1.406992667331816E9,0.0
1.406992672557206E9,2.274736548772909
1.406992677960007E9,2.274736548772909
1.406992683226448E9,2.274736548772909
1.406992688097595E9,2.1719691048200125
1.406992693421758E9,2.274736548772909
1.406992699220937E9,0.0
1.406992704750545E9,2.274736548772909
1.406992709965527E9,0.0
1.40699271515482E9,0.0
1.406992720348351E9,2.274736548772909
1.406992725624445E9,2.274736548772909
1.406992730949479E9,2.1719691048200125
1.406992736505019E9,0.0
1.40699274195725E9,2.274736548772909
1.406992747092025E9,0.0
1.40699275231022E9,2.274736548772909
1.406992757438894E9,0.0
1.406992762744474E9,4.446705653592922
1.406992768576288E9,2.274736548772909
1.406992774342696E9,2.1719691048200125
1.406992779199103E9,2.274736548772909
1.406992784219878E9,0.0
1.406992790009541E9,4.446705653592922
1.406992795639712E9,0.0
1.406992800882622E9,2.274736548772909
1.406992806099173E9,0.0
1.406992812048522E9,0.0
1.406992817339785E9,2.274736548772909
1.406992822348354E9,0.0
1.406992827802875E9,2.274736548772909
1.406992833348724E9,0.0
1.406992838404395E9,2.274736548772909
1.406992843801034E9,0.0
1.406992849492364E9,0.0
1.406992854573833E9,0.0
1.406992859852954E9,2.274736548772909
1.406992865553788E9,2.274736548772909
1.406992870648505E9,0.0
1.406992875939923E9,4.446705653592922
1.406992881297352E9,0.0
1.406992886948953E9,2.274736548772909
1.406992891805379E9,0.0
1.40699289728852E9,2.274736548772909
1.406992902716849E9,2.1719691048200125
1.406992908253552E9,0.0
1.406992913066828E9,0.0
1.406992918513601E9,4.446705653592922
1.40699292437481E9,2.274736548772909
1.40699292944674E9,2.274736548772909
1.406992934621285E9,2.1719691048200125
1.406992939882741E9,2.274736548772909
1.406992945577155E9,4.446705653592922
1.406992950954558E9,0.0
1.40699295655433E9,2.274736548772909
1.406992961653749E9,2.1719691048200125
1.406992967501378E9,0.0
1.406992972809955E9,0.0
1.406992977635295E9,4.446705653592922
1.406992983391347E9,2.274736548772909
1.406992989861499E9,2.1719691048200125
1.406992994857781E9,0.0
1.406993000131057E9,4.446705653592922
1.406993005821207E9,2.274736548772909
1.406993011284974E9,2.274736548772909
1.406993016276717E9,2.1719691048200125
1.406993021540863E9,0.0
1.406993027482856E9,0.0
1.406993032858173E9,4.446705653592922
1.406993038167485E9,2.274736548772909
1.406993043423279E9,2.274736548772909
1.406993048753686E9,0.0
1.406993054024963E9,2.274736548772909
1.406993059408109E9,2.1719691048200125
1.406993064734434E9,2.274736548772909
1.406993070567991E9,2.274736548772909
1.406993075583367E9,0.0
1.406993080828854E9,0.0
1.406993085965824E9,4.446705653592922
1.40699309179544E9,2.274736548772909
1.406993097337788E9,2.274736548772909
1.40699310251851E9,4.446705653592922
1.406993107639893E9,2.1719691048200125
1.406993113084582E9,2.274736548772909
1.406993118495952E9,4.446705653592922
1.406993123770563E9,2.274736548772909
1.406993129371148E9,2.274736548772909
1.40699313471438E9,2.274736548772909
1.40699314024323E9,2.274736548772909
1.406993145914828E9,0.0
1.406993151074275E9,2.1719691048200125
1.406993156465536E9,2.274736548772909
1.406993161742384E9,2.274736548772909
1.406993167065868E9,2.1719691048200125
1.40699317255025E9,0.0
1.406993177962014E9,2.274736548772909
1.406993184504618E9,4.446705653592922
1.406993189634482E9,2.274736548772909
1.406993194987205E9,4.446705653592922
1.406993200339925E9,2.274736548772909
1.406993205932937E9,0.0
1.406993211301519E9,0.0
1.406993216858227E9,0.0
1.406993222129639E9,2.1719691048200125
1.40699322739041E9,2.274736548772909
1.406993232528856E9,0.0
1.406993237852414E9,4.446705653592922
1.40699324336849E9,0.0
1.406993248786875E9,2.274736548772909
1.406993254063878E9,0.0
1.40699326068357E9,0.0
1.406993266177179E9,0.0
1.406993271202861E9,2.274736548772909
1.406993276532122E9,0.0
1.406993282643977E9,2.274736548772909
1.406993287990336E9,2.1719691048200125
1.406993293150625E9,0.0
1.406993298684833E9,0.0
1.406993304188031E9,2.1719691048200125
1.40699330928559E9,2.274736548772909
1.406993314354103E9,0.0
1.406993319949699E9,4.446705653592922
1.406993325374709E9,0.0
1.406993330570955E9,2.274736548772909
1.406993335853057E9,2.1719691048200125
1.406993341380278E9,0.0
1.406993346591357E9,0.0
1.40699335172587E9,2.274736548772909
1.406993357021409E9,0.0
1.406993363151015E9,2.1719691048200125
1.406993368412574E9,2.274736548772909
1.406993373259772E9,0.0
1.406993378773685E9,4.446705653592922
1.406993384365057E9,0.0
1.406993389599512E9,2.274736548772909
1.406993394971756E9,2.1719691048200125
1.406993400669985E9,0.0
1.406993406095428E9,4.446705653592922
1.406993411173765E9,0.0
1.406993416269295E9,2.274736548772909
1.406993421805395E9,2.1719691048200125
1.406993427402919E9,2.274736548772909
1.406993432293139E9,2.1719691048200125
1.406993437645682E9,2.274736548772909
1.406993442969233E9,0.0
1.406993448536871E9,4.446705653592922
1.406993453607233E9,0.0
1.406993458947169E9,2.274736548772909
1.406993464522221E9,4.446705653592922
1.406993470168798E9,0.0
1.406993475513485E9,2.274736548772909
1.406993480640152E9,2.1719691048200125
1.40699348581848E9,2.274736548772909
1.406993491107203E9,0.0
1.406993496297426E9,4.446705653592922
1.40699350164124E9,0.0
1.406993507373092E9,2.1719691048200125
1.406993512625419E9,4.446705653592922
1.40699351765494E9,0.0
1.406993522918429E9,2.274736548772909
1.406993528606082E9,2.1719691048200125
1.406993533436522E9,2.274736548772909
1.406993538949066E9,0.0
1.406993544536606E9,2.1719691048200125
1.406993550169236E9,2.274736548772909
1.406993555366683E9,0.0
1.40699356048328E9,4.446705653592922
1.406993566248118E9,0.0
1.406993571590677E9,2.1719691048200125
1.406993576513533E9,0.0
1.406993581791693E9,2.274736548772909
1.406993587567085E9,4.446705653592922
1.406993592918327E9,0.0
1.406993598138252E9,4.446705653592922
1.406993603330035E9,0.0
1.406993608708476E9,2.274736548772909
1.406993613932897E9,0.0
1.406993619146726E9,0.0
1.406993624339824E9,0.0
1.406993629665443E9,2.274736548772909
1.406993635118919E9,2.274736548772909
1.40699364034516E9,0.0
1.406993645494136E9,2.1719691048200125
1.406993650416891E9,2.274736548772909
1.406993656416988E9,2.274736548772909
1.406993662129251E9,2.274736548772909
1.406993667411775E9,2.274736548772909
1.406993672757757E9,0.0
1.406993678027399E9,2.274736548772909
1.40699368318617E9,0.0
1.406993688535694E9,2.274736548772909
1.406993693878628E9,2.1719691048200125
1.406993699327948E9,2.274736548772909
1.406993704834085E9,2.1719691048200125
1.406993710358284E9,0.0
1.406993715758782E9,2.274736548772909
1.406993720886861E9,4.446705653592922
1.406993726143541E9,2.274736548772909
1.40699373138606E9,2.1719691048200125
1.406993737996633E9,0.0
1.406993743406504E9,4.446705653592922
1.406993748588173E9,0.0
1.40699375404924E9,4.446705653592922
1.406993759180699E9,0.0
1.406993764459323E9,2.274736548772909
1.406993769828428E9,0.0
1.406993775255633E9,2.274736548772909
1.40699378045992E9,0.0
1.406993785792472E9,4.446705653592922
1.40699379130506E9,2.274736548772909
1.406993796546833E9,0.0
1.4069938018679E9,2.1719691048200125
1.406993807100624E9,2.274736548772909
1.406993814971516E9,2.274736548772909
1.406993822766041E9,0.0
1.406993828122805E9,2.274736548772909
1.406993833558167E9,2.274736548772909
1.406993839002772E9,0.0
1.406993844432554E9,2.274736548772909
1.406993849645029E9,0.0
1.406993854999643E9,4.446705653592922
1.40699386033432E9,2.274736548772909
1.40699386551084E9,2.274736548772909
1.406993870659157E9,2.1719691048200125
1.406993876242928E9,0.0
1.406993881655499E9,4.446705653592922
1.406993887040664E9,2.274736548772909
1.40699389232158E9,2.274736548772909
1.406993897715414E9,4.446705653592922
1.406993903221558E9,0.0
1.406993908835129E9,0.0
1.406993913999618E9,2.274736548772909
1.406993919163339E9,0.0
1.406993924312499E9,2.274736548772909
1.40699392951514E9,2.1719691048200125
1.406993935046967E9,2.274736548772909
1.406993940494561E9,0.0
1.406993945507899E9,4.446705653592922
1.406993950797629E9,0.0
1.406993956271223E9,0.0
1.406993961522519E9,4.446705653592922
1.406993966356852E9,2.274736548772909
1.406993971649507E9,0.0
1.406993977724072E9,0.0
1.406993982649531E9,0.0
1.406993987956752E9,4.446705653592922
1.406993993823347E9,2.274736548772909
1.406993999314141E9,4.446705653592922
1.406994004453152E9,2.274736548772909
1.406994009529653E9,0.0
1.406994015630055E9,2.1719691048200125
1.406994021088594E9,2.274736548772909
1.406994025999085E9,2.274736548772909
1.406994031220843E9,2.274736548772909
1.406994036554443E9,0.0
1.406994042071992E9,2.274736548772909
1.406994047447381E9,2.274736548772909
1.406994052691937E9,2.274736548772909
1.40699405844242E9,2.274736548772909
1.406994063607835E9,0.0
1.406994068642417E9,2.274736548772909
1.40699407394524E9,4.446705653592922
1.406994080837566E9,0.0
1.40699408627712E9,0.0
1.406994091458058E9,2.274736548772909
1.406994096735321E9,4.446705653592922
1.406994102451232E9,2.274736548772909
1.406994108084102E9,2.1719691048200125
1.406994112965852E9,0.0
1.406994118370521E9,0.0
1.406994123754488E9,2.274736548772909
1.406994129197716E9,2.274736548772909
1.40699413425471E9,0.0
1.406994139526805E9,4.446705653592922
1.406994144715533E9,0.0
1.406994150027417E9,2.1719691048200125
1.406994155341573E9,0.0
1.406994160635009E9,2.274736548772909
1.40699416753182E9,0.0
1.406994173071197E9,2.274736548772909
1.406994177981469E9,2.1719691048200125
1.406994183408327E9,2.274736548772909
1.406994188770016E9,0.0
1.406994194254762E9,0.0
1.406994199625864E9,2.274736548772909
1.40699420474268E9,0.0
1.406994209737056E9,0.0
1.406994215134553E9,0.0
1.406994220232979E9,2.274736548772909
1.40699422533154E9,2.274736548772909
1.406994230609385E9,0.0
1.406994235944585E9,2.274736548772909
1.406994241267256E9,4.446705653592922
1.4069942465908E9,2.274736548772909
1.406994251749352E9,0.0
1.406994257091438E9,4.446705653592922
1.406994262680113E9,2.274736548772909
1.40699426825401E9,2.274736548772909
1.406994273635622E9,2.1719691048200125
1.406994279012562E9,0.0
1.406994284228621E9,0.0
1.406994289440236E9,4.446705653592922
1.406994294871687E9,0.0
1.406994300334514E9,0.0
1.406994305614065E9,4.446705653592922
1.406994310897644E9,2.274736548772909
1.406994316263943E9,4.446705653592922
1.406994321357129E9,0.0
1.406994326751778E9,2.274736548772909
1.406994332204553E9,2.1719691048200125
1.406994337396893E9,2.274736548772909
1.406994342738659E9,0.0
1.406994347966144E9,4.446705653592922
1.406994353227734E9,0.0
1.406994358370312E9,2.274736548772909
1.406994364110879E9,0.0
1.406994369505379E9,92.8289817121953
1.406994374658889E9,94.93478177145748
1.406994379901529E9,92.8289817121953
1.406994385173982E9,97.04057671167617
1.406994391056466E9,99.21254581649617
1.406994396448125E9,97.04057671167617
1.406994401734208E9,94.93478177145748
1.406994406902747E9,97.04057671167617
1.406994412613846E9,97.04057671167617
1.406994417773245E9,94.93478177145748
1.40699442292688E9,92.8289817121953
1.406994429881497E9,90.72317653388961
1.406994435664101E9,90.72317653388961
1.406994440882085E9,90.72317653388961
1.406994446097313E9,90.78933534136046
1.406994451566615E9,90.72317653388961
1.406994457195448E9,88.61736623654045
1.406994462392393E9,88.68351992496777
1.406994468012195E9,88.61736623654045
1.406994473440013E9,88.68351992496777
1.406994478552534E9,86.51155082014776
1.406994483633921E9,86.51155082014776
1.406994489117601E9,86.57769938953159
1.406994494377021E9,84.40573028471158
1.406994499764696E9,84.40573028471158
1.40699450572337E9,86.51155082014776
1.406994511202881E9,84.40573028471158
1.406994516452051E9,86.57769938953159
1.406994521711899E9,84.40573028471158
1.406994526753176E9,84.40573028471158
1.40699453247008E9,86.57769938953159
1.406994537967431E9,84.40573028471158
1.406994543418278E9,84.40573028471158
1.406994548733232E9,86.57769938953159
1.406994553875934E9,84.40573028471158
1.406994559188768E9,84.40573028471158
1.406994565236811E9,84.47187373505193
1.406994570957943E9,84.40573028471158
1.40699457597735E9,86.57769938953159
1.406994581265116E9,84.40573028471158
1.406994586924655E9,84.40573028471158
1.40699459212715E9,86.57769938953159
1.406994596984636E9,84.40573028471158
1.40699460235811E9,86.51155082014776
1.406994608549176E9,88.68351992496777
1.406994613711256E9,84.40573028471158
1.406994618697504E9,86.51155082014776
1.406994624036543E9,84.40573028471158
1.406994629394344E9,86.51155082014776
1.406994634711699E9,84.40573028471158
1.406994640037149E9,84.40573028471158
1.406994645654952E9,86.51155082014776
1.406994650986463E9,86.51155082014776
1.406994656197089E9,86.51155082014776
1.406994661451429E9,86.51155082014776
1.406994666820934E9,86.51155082014776
1.406994672165473E9,84.40573028471158
1.406994677440009E9,86.51155082014776
1.406994682734406E9,86.51155082014776
1.406994688053135E9,84.40573028471158
1.406994693438878E9,84.40573028471158
1.406994698785416E9,84.40573028471158
1.406994704216547E9,84.40573028471158
1.40699470931701E9,84.40573028471158
1.406994714595758E9,86.57769938953159
1.406994719732544E9,82.29990463023192
1.406994726351235E9,84.40573028471158
1.406994731579857E9,86.57769938953159
1.406994736847114E9,84.40573028471158
1.406994742050603E9,84.40573028471158
1.406994747403119E9,86.57769938953159
1.406994753024661E9,84.40573028471158
1.40699475826329E9,86.57769938953159
1.406994763772785E9,82.29990463023192
1.40699476938343E9,84.40573028471158
1.406994774751959E9,84.47187373505193
1.406994780098509E9,82.29990463023192
1.40699478524103E9,84.47187373505193
1.406994790457588E9,82.29990463023192
1.406994795806691E9,82.29990463023192
1.406994800990634E9,82.29990463023192
1.40699480653921E9,82.29990463023192
1.406994812054589E9,80.19407385670875
1.406994817122339E9,82.29990463023192
1.40699482232907E9,82.29990463023192
1.406994828101331E9,82.29990463023192
1.406994833631954E9,82.29990463023192
1.406994838519278E9,82.29990463023192
1.406994843944274E9,84.47187373505193
1.406994850016944E9,82.29990463023192
1.406994855096163E9,82.36604296152876
1.406994860152277E9,80.19407385670875
1.406994865576392E9,80.19407385670875
1.406994871121934E9,82.36604296152876
1.406994876329321E9,80.19407385670875
1.40699488215096E9,82.29990463023192
1.406994887612365E9,82.36604296152876
1.406994892758391E9,80.19407385670875
1.406994897940825E9,80.19407385670875
1.406994903227339E9,82.36604296152876
1.406994908767024E9,80.19407385670875
1.406994914168197E9,80.19407385670875
1.406994919621941E9,80.19407385670875
1.406994924959447E9,82.36604296152876
1.406994930316459E9,78.0882379641421
1.406994935539751E9,80.19407385670875
1.406994940850508E9,82.36604296152876
1.406994946239658E9,80.19407385670875
1.406994951635143E9,82.36604296152876
1.406994957471262E9,80.19407385670875
1.406994962583222E9,80.19407385670875
1.406994967958804E9,80.19407385670875
1.406994973196397E9,80.19407385670875
1.406994980463115E9,80.2602070689621
1.406994985748445E9,78.0882379641421
1.406994990996701E9,80.19407385670875
1.406994996322665E9,80.2602070689621
1.406995001707322E9,80.19407385670875
1.406995006963361E9,80.19407385670875
1.406995012148806E9,82.36604296152876
1.406995017383765E9,80.19407385670875
1.406995022677385E9,78.0882379641421
1.406995027957912E9,78.0882379641421
1.406995033000167E9,0.0
1.406995038434121E9,2.274736548772909
1.406995043651494E9,2.1719691048200125
1.406995049113221E9,0.0
1.406995054371718E9,0.0
1.406995059643162E9,4.446705653592922
1.406995064762765E9,0.0
1.406995069709974E9,2.274736548772909
1.406995075236034E9,0.0
1.406995080722431E9,2.274736548772909
1.406995086409507E9,4.446705653592922
1.406995091499686E9,0.0
1.40699509685483E9,2.274736548772909
1.406995102254419E9,4.446705653592922
1.406995107370107E9,2.274736548772909
1.406995112227171E9,0.0
1.406995118287319E9,2.274736548772909
1.406995124212625E9,0.0
1.40699512931044E9,2.1719691048200125
1.406995134334604E9,2.274736548772909
1.40699514002202E9,0.0
1.406995146014148E9,0.0
1.40699515140366E9,0.0
1.4069951564776E9,2.1719691048200125
1.406995161861004E9,2.274736548772909
1.406995167121242E9,4.446705653592922
1.406995172524061E9,2.1719691048200125
1.406995177392273E9,2.274736548772909
1.40699518298281E9,2.274736548772909
1.406995188390716E9,2.274736548772909
1.406995195233093E9,0.0
1.406995200499666E9,2.274736548772909
1.40699520564905E9,2.274736548772909
1.406995211120867E9,2.1719691048200125
1.406995216771363E9,0.0
1.406995221886937E9,4.446705653592922
1.406995226802168E9,0.0
1.40699523222898E9,2.274736548772909
1.406995237848528E9,2.1719691048200125
1.406995242920814E9,0.0
1.406995248526839E9,2.274736548772909
1.406995254402245E9,0.0
1.406995260133817E9,2.274736548772909
1.406995265209033E9,4.446705653592922
1.406995270657442E9,0.0
1.406995276002741E9,2.274736548772909
1.406995281779997E9,0.0
1.406995286726076E9,2.274736548772909
1.406995292368063E9,4.446705653592922
1.40699529777213E9,2.274736548772909
1.406995303212249E9,2.274736548772909
1.406995308244593E9,2.1719691048200125
1.406995313561236E9,2.274736548772909
1.406995319226896E9,0.0
1.406995324536401E9,4.446705653592922
1.40699532958296E9,0.0
1.406995335083606E9,2.274736548772909
1.406995340775068E9,2.1719691048200125
1.406995346084568E9,2.274736548772909
1.406995352574313E9,2.1719691048200125
1.406995357837619E9,2.274736548772909
1.406995363198433E9,0.0
1.406995368327462E9,4.446705653592922
1.406995373720304E9,0.0
1.406995379250102E9,2.1719691048200125
1.406995384909572E9,2.274736548772909
1.406995390056121E9,2.274736548772909
1.406995395579688E9,4.446705653592922
1.406995401170227E9,2.274736548772909
1.406995406509337E9,2.1719691048200125
1.406995411838932E9,2.274736548772909
1.406995417660968E9,0.0
1.406995422972606E9,2.274736548772909
1.406995428172107E9,2.274736548772909
1.406995433376868E9,0.0
1.406995438938455E9,0.0
1.406995444556933E9,0.0
1.406995449377856E9,2.274736548772909
1.406995454645794E9,2.1719691048200125
1.406995460094611E9,0.0
1.406995465710903E9,0.0
1.406995471020512E9,2.274736548772909
1.406995475950771E9,2.274736548772909
1.40699548135193E9,4.446705653592922
1.406995486627112E9,0.0
1.406995492270566E9,0.0
1.406995497538768E9,2.1719691048200125
1.40699550301476E9,2.274736548772909
1.406995508274057E9,2.274736548772909
1.406995513900878E9,2.1719691048200125
1.406995519114185E9,2.274736548772909
1.40699552423969E9,0.0
1.40699552943341E9,4.446705653592922
1.40699553464192E9,0.0
1.406995540102437E9,2.274736548772909
1.40699554542017E9,0.0
1.40699555071666E9,2.274736548772909
1.406995556177078E9,4.446705653592922
1.406995561372724E9,0.0
1.406995566822288E9,0.0
1.406995572308809E9,0.0
1.40699557732991E9,2.274736548772909
1.406995582831117E9,0.0
1.406995588508916E9,0.0
1.406995594253307E9,4.446705653592922
1.406995599477827E9,0.0
1.406995604817115E9,2.274736548772909
1.406995610241934E9,4.446705653592922
1.406995615704978E9,2.274736548772909
1.406995620554827E9,0.0
1.406995626082331E9,4.446705653592922
1.406995631417096E9,2.274736548772909
1.406995636624642E9,2.274736548772909
1.406995641636002E9,0.0
1.406995647195559E9,2.274736548772909
1.40699565243927E9,2.274736548772909
1.406995657897634E9,4.446705653592922
1.406995663070426E9,0.0
1.406995668560216E9,0.0
1.406995673947344E9,4.446705653592922
1.406995679305452E9,2.274736548772909
1.406995684735565E9,2.274736548772909
1.406995690086804E9,0.0
1.406995695342738E9,0.0
1.40699570055598E9,4.446705653592922
1.406995706224539E9,0.0
1.406995711688083E9,0.0
1.406995716993674E9,4.446705653592922
1.406995722390521E9,0.0
1.406995727787798E9,2.274736548772909
1.406995732964994E9,2.1719691048200125
1.406995738338849E9,0.0
1.406995743954409E9,2.274736548772909
1.406995749634009E9,0.0
1.406995755194515E9,2.1719691048200125
1.406995760447009E9,2.274736548772909
1.406995765523687E9,0.0
1.406995771153219E9,4.446705653592922
1.406995776096676E9,0.0
1.406995781060268E9,2.274736548772909
1.406995786413809E9,2.1719691048200125
1.406995792763613E9,2.274736548772909
1.406995797988857E9,4.446705653592922
1.406995803331559E9,0.0
1.406995809787824E9,2.274736548772909
1.406995815519044E9,2.274736548772909
1.406995820897845E9,0.0
1.406995826427175E9,2.1719691048200125
1.406995831699475E9,2.274736548772909
1.406995836907467E9,0.0
1.406995842130584E9,4.446705653592922
1.406995847325295E9,0.0
1.406995852636117E9,2.274736548772909
1.40699585793571E9,0.0
1.406995863283947E9,2.274736548772909
1.40699586878149E9,0.0
1.406995874349294E9,0.0
1.406995879549121E9,2.274736548772909
1.406995884996105E9,2.274736548772909
1.406995890388668E9,2.274736548772909
1.406995895792199E9,0.0
1.406995901079533E9,2.274736548772909
1.406995906460852E9,0.0
1.406995911719736E9,2.274736548772909
1.406995917180157E9,2.274736548772909
1.406995922393744E9,0.0
1.406995927651067E9,2.1719691048200125
1.406995933062804E9,2.274736548772909
1.406995938852497E9,2.274736548772909
1.406995944227205E9,2.274736548772909
1.406995949697603E9,2.274736548772909
1.406995955036042E9,0.0
1.406995960317527E9,0.0
1.406995965747001E9,2.274736548772909
1.406995971113251E9,4.446705653592922
1.406995975996108E9,0.0
1.406995981398109E9,0.0
1.406995986764348E9,4.446705653592922
1.40699599191691E9,0.0
1.406995997233198E9,0.0
1.406996002714952E9,4.446705653592922
1.406996008061106E9,2.1719691048200125
1.406996013415858E9,0.0
1.406996018726916E9,0.0
1.406996024208181E9,2.274736548772909
1.406996029463735E9,2.274736548772909
1.40699603470616E9,0.0
1.406996040398161E9,0.0
1.406996045671466E9,2.274736548772909
1.406996050864936E9,2.274736548772909
1.406996056200373E9,2.274736548772909
1.406996061803746E9,0.0
1.406996067086646E9,2.274736548772909
1.406996072367666E9,2.274736548772909
1.406996077793905E9,0.0
1.406996083280058E9,2.274736548772909
1.406996088406859E9,0.0
1.40699609376029E9,2.274736548772909
1.406996099376177E9,2.274736548772909
1.406996104888552E9,0.0
1.406996110215044E9,4.446705653592922
1.406996115300818E9,0.0
1.406996120937991E9,2.274736548772909
1.406996126704732E9,2.274736548772909
1.40699613170802E9,0.0
1.406996136956205E9,2.274736548772909
1.406996142670424E9,0.0
1.40699614820698E9,2.274736548772909
1.406996153539519E9,4.446705653592922
1.406996158795017E9,0.0
1.406996163970756E9,2.274736548772909
1.406996169801318E9,4.446705653592922
1.406996174968717E9,2.274736548772909
1.406996180193123E9,2.274736548772909
1.406996185305904E9,2.1719691048200125
1.406996190694327E9,0.0
1.406996196495912E9,2.1719691048200125
1.406996201361324E9,2.274736548772909
1.406996206358735E9,0.0
1.406996211986475E9,0.0
1.406996218943211E9,2.274736548772909
1.406996223993407E9,0.0
1.406996229445467E9,0.0
1.406996235468685E9,4.446705653592922
1.40699624050981E9,0.0
1.406996246295945E9,0.0
1.406996251538472E9,4.446705653592922
1.406996256957875E9,2.274736548772909
1.406996262392602E9,2.274736548772909
1.406996267478377E9,2.1719691048200125
1.406996273002586E9,2.274736548772909
1.406996278612466E9,2.1719691048200125
1.406996283959024E9,2.274736548772909
1.406996289206763E9,2.1719691048200125
1.406996294998933E9,2.274736548772909
1.406996300292554E9,2.274736548772909
1.406996305575016E9,2.1719691048200125
1.406996311011649E9,2.274736548772909
1.406996316602199E9,2.274736548772909
1.406996321822263E9,2.1719691048200125
1.406996327254262E9,0.0
1.406996332684797E9,0.0
1.406996337840643E9,2.274736548772909
1.406996343362057E9,2.274736548772909
1.40699634893277E9,4.446705653592922
1.406996354941165E9,2.274736548772909
1.4069963601157E9,2.1719691048200125
1.406996365228986E9,2.274736548772909
1.406996370479398E9,0.0
1.406996376089366E9,2.274736548772909
1.406996381900636E9,2.274736548772909
1.406996387042855E9,0.0
1.406996392215626E9,4.446705653592922
1.406996397568221E9,2.1719691048200125
1.406996402854779E9,2.274736548772909
1.406996408066719E9,0.0
1.406996413556422E9,0.0
1.406996419298229E9,2.274736548772909
1.406996426033428E9,2.274736548772909
1.406996431367694E9,2.274736548772909
1.406996436648498E9,2.1719691048200125
1.406996441937408E9,2.274736548772909
1.406996447198389E9,0.0
1.40699645233432E9,4.446705653592922
1.406996457725191E9,0.0
1.406996463123175E9,2.274736548772909
1.406996468608731E9,2.1719691048200125
1.406996473870248E9,2.274736548772909
1.406996479381815E9,2.274736548772909
1.406996485419537E9,2.274736548772909
1.406996490432816E9,2.274736548772909
1.406996495743245E9,2.1719691048200125
1.406996500903987E9,4.446705653592922
1.406996506433595E9,2.274736548772909
1.40699651193419E9,2.1719691048200125
1.406996517509756E9,2.274736548772909
1.406996522764077E9,0.0
1.406996528531645E9,0.0
1.406996533782768E9,2.274736548772909
1.406996538853733E9,2.274736548772909
1.40699654407386E9,2.1719691048200125
1.406996550036876E9,0.0
1.406996555723736E9,0.0
1.406996560714484E9,0.0
1.406996565925958E9,2.274736548772909
1.406996571636588E9,2.274736548772909
1.406996576498652E9,0.0
1.406996581988584E9,2.274736548772909
1.406996587746029E9,0.0
1.406996593634904E9,0.0
1.406996598470719E9,2.274736548772909
1.406996603478572E9,2.274736548772909
1.406996609162265E9,0.0
1.406996615010017E9,0.0
1.4069966203176E9,0.0
1.40699662542162E9,2.1719691048200125
1.40699663100675E9,2.274736548772909
1.406996636554063E9,4.446705653592922
1.406996641472914E9,0.0
1.406996646822818E9,2.274736548772909
1.40699665280319E9,4.446705653592922
1.406996658224918E9,0.0
1.406996663110625E9,2.274736548772909
1.406996668590261E9,2.1719691048200125
1.406996674439898E9,0.0
1.406996679565381E9,2.274736548772909
1.406996684848754E9,2.1719691048200125
1.406996690403434E9,2.274736548772909
1.406996695804088E9,0.0
1.406996701118423E9,2.274736548772909
1.406996706345059E9,2.274736548772909
1.406996711461669E9,0.0
1.40699671674597E9,4.446705653592922
1.406996723070797E9,0.0
1.406996728337377E9,0.0
1.40699673352871E9,2.274736548772909
1.406996740219654E9,2.274736548772909
1.406996745330966E9,0.0
1.406996750404727E9,2.274736548772909
1.406996755607999E9,2.1719691048200125
1.406996760958974E9,2.274736548772909
1.406996766153345E9,0.0
1.406996771409749E9,4.446705653592922
1.406996776659067E9,0.0
1.406996782344948E9,2.1719691048200125
1.406996787736557E9,4.446705653592922
1.40699679310105E9,0.0
1.406996798489254E9,2.274736548772909
1.406996803937193E9,0.0
1.406996808910422E9,2.274736548772909
1.406996814206044E9,2.274736548772909
1.406996819455028E9,4.446705653592922
1.406996824831222E9,0.0
1.406996829818766E9,2.274736548772909
1.406996835086114E9,2.1719691048200125
1.406996840148843E9,0.0
1.406996845839278E9,2.274736548772909
1.406996851717021E9,2.1719691048200125
1.406996856765559E9,2.274736548772909
1.406996862066666E9,0.0
1.406996867224602E9,2.1719691048200125
1.406996872661767E9,0.0
1.406996878113767E9,2.274736548772909
1.406996883476749E9,2.274736548772909
1.406996888750915E9,0.0
1.406996894075334E9,2.274736548772909
1.406996899244703E9,0.0
1.406996904621288E9,2.274736548772909
1.406996909945573E9,0.0
1.406996917096814E9,0.0
1.406996922306755E9,2.1719691048200125
1.406996927803925E9,2.274736548772909
1.406996933239997E9,2.274736548772909
1.406996938446847E9,4.446705653592922
1.406996943711421E9,0.0
1.406996949556833E9,92.8289817121953
1.406996956409877E9,92.8289817121953
1.40699696124603E9,92.8289817121953
1.406996966625861E9,97.10675087627749
1.406996972390857E9,94.93478177145748
1.406996977768076E9,94.93478177145748
1.406996982850748E9,94.93478177145748
1.406996988184313E9,94.93478177145748
1.40699699444468E9,97.10675087627749
1.406996999839269E9,94.93478177145748
1.406997005051236E9,92.8289817121953
1.406997010884402E9,92.8289817121953
1.406997016431911E9,92.89514563870962
1.40699702169447E9,90.72317653388961
1.406997026512778E9,88.61736623654045
1.406997032008539E9,88.61736623654045
1.406997037768218E9,88.61736623654045
1.406997042918655E9,86.51155082014776
1.406997048046293E9,86.51155082014776
1.406997053577105E9,86.51155082014776
1.406997059304612E9,84.40573028471158
1.406997064482411E9,88.68351992496777
1.406997069969744E9,84.40573028471158
1.406997075574841E9,84.40573028471158
1.406997080723089E9,86.57769938953159
1.406997085701994E9,84.40573028471158
1.406997091257625E9,82.29990463023192
1.40699709676096E9,82.29990463023192
1.406997101934173E9,84.40573028471158
1.406997107294346E9,84.47187373505193
1.406997112507104E9,84.40573028471158
1.406997118338113E9,84.40573028471158
1.406997123939979E9,86.57769938953159
1.406997129034748E9,82.29990463023192
1.406997134219117E9,84.40573028471158
1.406997140063619E9,84.47187373505193
1.40699714556816E9,82.29990463023192
1.40699715040805E9,84.40573028471158
1.40699715573369E9,86.57769938953159
1.406997161496757E9,82.29990463023192
1.406997166899821E9,82.29990463023192
1.406997172077989E9,82.29990463023192
1.406997177362713E9,82.29990463023192
1.406997182787855E9,84.40573028471158
1.40699718813964E9,84.40573028471158
1.406997193152985E9,84.40573028471158
1.406997198440615E9,82.29990463023192
1.406997203875464E9,86.57769938953159
1.406997209501852E9,84.40573028471158
1.406997215338461E9,86.57769938953159
1.406997220625903E9,84.40573028471158
1.406997225830895E9,82.29990463023192
1.406997230955244E9,86.57769938953159
1.406997236317858E9,84.40573028471158
1.406997241797116E9,84.40573028471158
1.40699724713166E9,84.40573028471158
1.406997252624267E9,84.40573028471158
1.406997257997945E9,86.57769938953159
1.406997263359302E9,86.51155082014776
1.406997268541086E9,84.40573028471158
1.406997273976046E9,86.57769938953159
1.406997279413248E9,84.40573028471158
1.406997284373072E9,86.51155082014776
1.406997289722969E9,84.40573028471158
1.406997295400612E9,86.51155082014776
1.406997300730632E9,86.57769938953159
1.406997305808698E9,84.40573028471158
1.406997311169276E9,84.40573028471158
1.406997316593573E9,86.57769938953159
1.406997321686493E9,84.40573028471158
1.40699732722377E9,86.57769938953159
1.40699733260642E9,84.40573028471158
1.40699733801472E9,84.40573028471158
1.40699734339729E9,84.40573028471158
1.406997348468897E9,82.29990463023192
1.406997354085614E9,82.29990463023192
1.406997360214491E9,82.29990463023192
1.406997365698765E9,82.29990463023192
1.406997370840345E9,84.47187373505193
1.406997376644822E9,84.40573028471158
1.406997381841183E9,84.47187373505193
1.406997386856195E9,84.40573028471158
1.406997393401641E9,82.29990463023192
1.406997399958202E9,82.29990463023192
1.406997405302063E9,82.29990463023192
1.406997410182029E9,84.47187373505193
1.406997415704603E9,82.29990463023192
1.406997421571726E9,82.29990463023192
1.406997426807746E9,84.47187373505193
1.406997432025551E9,82.29990463023192
1.406997437232034E9,82.29990463023192
1.406997442950674E9,82.36604296152876
1.406997447824915E9,82.29990463023192
1.40699745304579E9,82.29990463023192
1.406997458436485E9,80.19407385670875
1.406997464379651E9,82.29990463023192
1.406997469440445E9,84.47187373505193
1.40699747472175E9,82.29990463023192
1.406997480299093E9,80.19407385670875
1.406997485825083E9,84.47187373505193
1.406997491146594E9,82.29990463023192
1.406997496642514E9,82.36604296152876
1.40699750214215E9,80.19407385670875
1.406997506983351E9,80.19407385670875
1.406997512203821E9,82.36604296152876
1.406997517690344E9,82.29990463023192
1.406997523240008E9,82.29990463023192
1.406997528469745E9,84.47187373505193
1.40699753350129E9,80.19407385670875
1.406997538587517E9,80.19407385670875
1.406997544133958E9,84.47187373505193
1.406997549900673E9,80.19407385670875
1.406997555014978E9,80.19407385670875
1.406997560295914E9,80.19407385670875
1.406997565652515E9,82.29990463023192
1.406997571365046E9,82.36604296152876
1.406997576210901E9,80.19407385670875
1.406997581490894E9,80.19407385670875
1.406997587426693E9,84.47187373505193
1.406997592871862E9,80.19407385670875
1.406997597690253E9,80.19407385670875
1.406997603109366E9,80.19407385670875
1.406997609237722E9,80.19407385670875
1.406997614799121E9,80.19407385670875
1.406997619665528E9,82.36604296152876
1.406997624871424E9,78.0882379641421
1.406997630941891E9,78.0882379641421
1.406997636754521E9,80.19407385670875
1.406997641943994E9,80.19407385670875
1.406997647166565E9,80.2602070689621
1.406997652865938E9,80.19407385670875
1.406997658254799E9,82.36604296152876
1.406997663399133E9,80.19407385670875
1.406997668818822E9,78.0882379641421
1.406997676890393E9,80.19407385670875
1.40699768228439E9,2.1719691048200125
1.406997687686946E9,2.274736548772909
1.406997692945875E9,0.0
1.406997698440065E9,2.1719691048200125
1.406997703797451E9,2.274736548772909
1.406997709761907E9,4.446705653592922
1.406997714835328E9,0.0
1.406997719821974E9,2.274736548772909
1.406997725489707E9,0.0
1.406997731258697E9,0.0
1.406997736556853E9,4.446705653592922
1.406997741478925E9,0.0
1.406997746773053E9,2.274736548772909
1.406997752341315E9,2.274736548772909
1.406997757622885E9,0.0
1.406997762748834E9,2.274736548772909
1.406997767996002E9,4.446705653592922
1.406997773928509E9,2.274736548772909
1.406997779114889E9,4.446705653592922
1.406997784301937E9,0.0
1.406997789951239E9,2.274736548772909
1.406997795839646E9,2.274736548772909
1.406997800894158E9,0.0
1.406997805924596E9,4.446705653592922
1.406997811274722E9,0.0
1.406997817513543E9,0.0
1.406997822638105E9,4.446705653592922
1.406997827961942E9,0.0
1.4069978335137E9,0.0
1.406997838967799E9,4.446705653592922
1.406997844431066E9,0.0
1.406997849550196E9,2.274736548772909
1.406997854685622E9,2.1719691048200125
1.40699785973487E9,2.274736548772909
1.406997865321392E9,2.1719691048200125
1.406997870602184E9,0.0
1.406997875906688E9,2.274736548772909
1.406997881201824E9,2.1719691048200125
1.406997886546203E9,2.274736548772909
1.40699789194555E9,0.0
1.406997896854896E9,4.446705653592922
1.406997902374982E9,2.274736548772909
1.406997907852115E9,0.0
1.406997913370756E9,0.0
1.40699791827933E9,2.274736548772909
1.406997923826902E9,0.0
1.40699792908251E9,0.0
1.40699793447429E9,0.0
1.406997939900612E9,2.274736548772909
1.406997945646084E9,2.274736548772909
1.406997950772639E9,0.0
1.406997955938158E9,2.274736548772909
1.406997961314095E9,2.274736548772909
1.406997966603301E9,2.274736548772909
1.406997971915533E9,2.1719691048200125
1.40699797714021E9,2.274736548772909
1.406997982337928E9,2.274736548772909
1.406997987744538E9,2.1719691048200125
1.406997992984047E9,2.274736548772909
1.406997998072489E9,2.274736548772909
1.406998003517878E9,2.274736548772909
1.406998008926542E9,2.1719691048200125
1.406998014246524E9,0.0
1.406998019560803E9,2.274736548772909
1.406998024878921E9,2.1719691048200125
1.40699803014904E9,2.274736548772909
1.406998035541397E9,2.1719691048200125
1.406998040757887E9,2.274736548772909
1.406998046211477E9,0.0
1.40699805145274E9,2.1719691048200125
1.406998056773536E9,2.274736548772909
1.406998062267592E9,2.1719691048200125
1.406998068532805E9,0.0
1.406998073803292E9,2.274736548772909
1.406998078676308E9,2.1719691048200125
1.406998084322618E9,0.0
1.40699808970793E9,4.446705653592922
1.406998095457288E9,2.274736548772909
1.406998100745242E9,0.0
1.406998106177665E9,2.274736548772909
1.406998111498093E9,0.0
1.40699811687323E9,2.274736548772909
1.406998122175731E9,0.0
1.406998127677046E9,0.0
1.406998133493645E9,4.446705653592922
1.406998138444812E9,0.0
1.406998143910536E9,2.274736548772909
1.406998149202677E9,2.1719691048200125
1.406998154629629E9,0.0
1.406998160169124E9,2.274736548772909
1.406998165512746E9,2.1719691048200125
1.406998170702118E9,2.274736548772909
1.406998175820493E9,0.0
1.406998181123058E9,4.446705653592922
1.406998186350043E9,0.0
1.406998191925072E9,2.274736548772909
1.406998197098915E9,0.0
1.406998202541673E9,0.0
1.406998208124315E9,4.446705653592922
1.406998213213551E9,0.0
1.406998218497165E9,2.274736548772909
1.406998223819549E9,0.0
1.406998229104161E9,2.274736548772909
1.406998234439554E9,0.0
1.406998240146195E9,4.446705653592922
1.406998245518878E9,2.274736548772909
1.40699825074937E9,0.0
1.406998255930568E9,2.1719691048200125
1.406998261770437E9,0.0
1.406998267090893E9,2.1719691048200125
1.406998272327387E9,2.274736548772909
1.406998277478372E9,0.0
1.406998283148397E9,2.1719691048200125
1.406998288640973E9,0.0
1.40699829405965E9,2.274736548772909
1.406998299718184E9,2.274736548772909
1.406998305410264E9,2.274736548772909
1.406998310611497E9,4.446705653592922
1.406998315479756E9,0.0
1.406998320886577E9,2.274736548772909
1.406998326418826E9,2.274736548772909
1.406998331880751E9,0.0
1.406998337228211E9,2.274736548772909
1.406998342618695E9,2.274736548772909
1.406998347986411E9,2.274736548772909
1.406998353349177E9,2.274736548772909
1.406998358306902E9,0.0
1.406998363910047E9,2.274736548772909
1.406998369203583E9,2.274736548772909
1.406998374609814E9,2.274736548772909
1.406998380056412E9,2.1719691048200125
1.406998385429595E9,0.0
1.40699839056632E9,2.274736548772909
1.406998395800159E9,2.1719691048200125
1.406998401317456E9,2.274736548772909
1.406998406977351E9,4.446705653592922
1.406998412427672E9,0.0
1.406998417753309E9,2.274736548772909
1.406998423145604E9,0.0
1.406998428567604E9,0.0
1.406998433945123E9,2.274736548772909
1.406998439394239E9,0.0
1.406998444954922E9,2.274736548772909
1.406998449856332E9,0.0
1.406998455147774E9,2.274736548772909
1.406998460819947E9,2.274736548772909
1.40699846667572E9,0.0
1.406998471898271E9,2.274736548772909
1.40699847677774E9,0.0
1.406998482050289E9,4.446705653592922
1.40699848722943E9,2.274736548772909
1.406998492815923E9,2.274736548772909
1.406998498158681E9,2.274736548772909
1.406998503393799E9,0.0
1.406998508684756E9,2.274736548772909
1.406998514114406E9,2.1719691048200125
1.406998519599145E9,0.0
1.406998525429758E9,0.0
1.406998530261061E9,0.0
1.406998535619784E9,2.274736548772909
1.406998541443192E9,2.274736548772909
1.406998546807896E9,0.0
1.406998552013441E9,2.274736548772909
1.406998557414748E9,0.0
1.406998562833841E9,2.274736548772909
1.406998567857423E9,0.0
1.406998573062656E9,4.446705653592922
1.406998578342816E9,2.274736548772909
1.406998583585325E9,0.0
1.406998588702629E9,4.446705653592922
1.406998595458579E9,2.274736548772909
1.406998600650213E9,0.0
1.40699860631916E9,2.274736548772909
1.406998611997363E9,4.446705653592922
1.40699861735388E9,2.274736548772909
1.406998622383285E9,4.446705653592922
1.406998627658934E9,0.0
1.406998633030525E9,2.274736548772909
1.406998639914172E9,0.0
1.406998645375761E9,0.0
1.406998650777213E9,4.446705653592922
1.406998656280881E9,2.274736548772909
1.406998661716403E9,0.0
1.40699866729136E9,2.274736548772909
1.406998672775337E9,0.0
1.406998678159162E9,2.274736548772909
1.406998683218686E9,2.274736548772909
1.4069986883109E9,0.0
1.406998693545683E9,4.446705653592922
1.406998698874221E9,2.274736548772909
1.406998704194239E9,0.0
1.406998709660329E9,2.1719691048200125
1.406998714760362E9,2.274736548772909
1.406998720227687E9,4.446705653592922
1.406998725888404E9,2.274736548772909
1.406998731289351E9,2.274736548772909
1.406998736563176E9,2.1719691048200125
1.406998741906963E9,2.274736548772909
1.406998746987967E9,2.274736548772909
1.406998752460169E9,2.274736548772909
1.406998757785235E9,0.0
1.40699876325285E9,4.446705653592922
1.406998768581305E9,2.274736548772909
1.406998773831157E9,0.0
1.406998779374543E9,0.0
1.406998784587033E9,2.274736548772909
1.406998789954457E9,2.274736548772909
1.406998795363541E9,2.274736548772909
1.406998800823759E9,0.0
1.406998805941463E9,4.446705653592922
1.406998811278486E9,0.0
1.406998816827405E9,2.274736548772909
1.406998822248944E9,2.274736548772909
1.406998827621396E9,0.0
1.406998832973867E9,2.274736548772909
1.406998838229402E9,0.0
1.406998843583124E9,2.274736548772909
1.406998849071138E9,0.0
1.406998854680194E9,0.0
1.406998859883913E9,2.274736548772909
1.406998865158351E9,2.1719691048200125
1.406998870515592E9,0.0
1.406998875719302E9,0.0
1.406998880930672E9,4.446705653592922
1.406998886038363E9,0.0
1.406998891588928E9,0.0
1.406998897003975E9,4.446705653592922
1.406998902368158E9,0.0
1.406998907737637E9,4.446705653592922
1.406998913268976E9,0.0
1.406998919029848E9,0.0
1.406998924212329E9,0.0
1.406998929541855E9,0.0
1.406998934668289E9,2.274736548772909
1.406998940072597E9,0.0
1.4069989455737E9,0.0
1.406998950880098E9,4.446705653592922
1.406998956279406E9,2.274736548772909
1.406998961505873E9,0.0
1.406998966966733E9,4.446705653592922
1.406998972480988E9,2.274736548772909
1.406998977382297E9,4.446705653592922
1.406998983030364E9,2.1719691048200125
1.406998988628123E9,0.0
1.406998994011237E9,2.274736548772909
1.406998999541963E9,2.274736548772909
1.40699900487375E9,0.0
1.406999010274973E9,2.1719691048200125
1.406999015398317E9,2.274736548772909
1.406999020700993E9,0.0
1.406999026091734E9,4.446705653592922
1.4069990315613E9,2.274736548772909
1.406999037013905E9,0.0
1.406999042238977E9,0.0
1.406999047173746E9,2.274736548772909
1.406999052818701E9,2.1719691048200125
1.406999058211261E9,2.274736548772909
1.406999063489748E9,2.274736548772909
1.406999068877172E9,2.1719691048200125
1.40699907448698E9,0.0
1.406999079823969E9,2.274736548772909
1.406999085258793E9,2.274736548772909
1.406999090515573E9,0.0
1.406999095698166E9,4.446705653592922
1.406999101310617E9,2.274736548772909
1.40699910670242E9,0.0
1.406999112204539E9,2.1719691048200125
1.40699911755388E9,0.0
1.40699912289057E9,2.274736548772909
1.406999128324473E9,2.274736548772909
1.406999133449748E9,0.0
1.406999138660429E9,2.274736548772909
1.406999144081562E9,0.0
1.406999149593369E9,0.0
1.406999154868906E9,4.446705653592922
1.406999159780454E9,0.0
1.406999166553845E9,4.446705653592922
1.406999172231482E9,0.0
1.406999177622923E9,2.274736548772909
1.406999182780809E9,4.446705653592922
1.40699918800036E9,0.0
1.406999193107776E9,4.446705653592922
1.406999198456756E9,0.0
1.406999203886933E9,2.274736548772909
1.406999209457244E9,4.446705653592922
1.406999214574878E9,0.0
1.406999219727476E9,2.274736548772909
1.406999225069041E9,2.1719691048200125
1.406999229961989E9,2.274736548772909
1.406999235557129E9,2.274736548772909
1.406999240985729E9,2.1719691048200125
1.406999246331252E9,0.0
1.406999251785584E9,2.274736548772909
1.406999257238371E9,0.0
1.406999263171691E9,0.0
1.406999268410299E9,0.0
1.40699927388917E9,2.274736548772909
1.406999279384644E9,2.1719691048200125
1.40699928496645E9,2.274736548772909
1.406999290067629E9,0.0
1.406999295176199E9,4.446705653592922
1.406999300669891E9,2.274736548772909
1.406999306064383E9,0.0
1.406999311498547E9,2.1719691048200125
1.406999316868354E9,2.274736548772909
1.406999322100899E9,2.1719691048200125
1.406999327268452E9,2.274736548772909
1.406999332678922E9,2.274736548772909
1.406999337853574E9,0.0
1.406999342963067E9,4.446705653592922
1.40699934846038E9,2.274736548772909
1.406999353704013E9,0.0
1.406999359329782E9,0.0
1.406999364473385E9,0.0
1.406999369660837E9,2.274736548772909
1.406999374549128E9,2.1719691048200125
1.406999380062654E9,2.274736548772909
1.406999385580155E9,2.274736548772909
1.406999390943852E9,2.1719691048200125
1.406999396149581E9,0.0
1.406999401443126E9,0.0
1.406999406840767E9,4.446705653592922
1.406999412083719E9,0.0
1.406999417546389E9,0.0
1.406999422718608E9,4.446705653592922
1.406999428168752E9,0.0
1.406999433142267E9,4.446705653592922
1.406999438422934E9,0.0
1.406999443610015E9,2.274736548772909
1.406999449240286E9,2.1719691048200125
1.406999454383518E9,0.0
1.406999459595907E9,2.274736548772909
1.406999464737513E9,2.1719691048200125
1.406999470041201E9,0.0
1.406999475530765E9,0.0
1.406999481131327E9,2.274736548772909
1.406999486503736E9,2.274736548772909
1.406999491861624E9,2.1719691048200125
1.406999497514243E9,0.0
1.40699950272873E9,2.274736548772909
1.406999508208494E9,0.0
1.406999513848909E9,2.274736548772909
1.406999519169191E9,0.0
1.406999524651249E9,0.0
1.406999529773278E9,2.274736548772909
1.406999535399286E9,2.274736548772909
1.406999540730381E9,0.0
1.406999546136875E9,0.0
1.406999551623705E9,0.0
1.406999557030456E9,2.274736548772909
1.406999562061516E9,4.446705653592922
1.406999567374004E9,0.0
1.406999572711295E9,2.274736548772909
1.406999578358233E9,4.446705653592922
1.406999583533642E9,0.0
1.406999588402259E9,2.274736548772909
1.406999594243929E9,4.446705653592922
1.406999600555301E9,0.0
1.406999605806961E9,2.274736548772909
1.406999610682287E9,2.1719691048200125
1.406999615899156E9,2.274736548772909
1.406999621540674E9,2.274736548772909
1.406999626950098E9,2.1719691048200125
1.40699963215564E9,94.93478177145748
1.406999637760373E9,92.8289817121953
1.406999643337597E9,94.93478177145748
1.406999648941523E9,94.93478177145748
1.406999654296002E9,97.04057671167617
1.406999659420002E9,94.93478177145748
1.40699966457153E9,94.93478177145748
1.406999670389597E9,94.93478177145748
1.406999675757078E9,94.93478177145748
1.406999680613131E9,94.93478177145748
1.406999686039015E9,95.00095081701531
1.406999691167767E9,92.8289817121953
1.40699969639967E9,90.72317653388961
1.406999701626101E9,92.89514563870962
1.406999707108466E9,90.72317653388961
1.406999712697203E9,90.78933534136046
1.406999718047544E9,88.61736623654045
1.406999722884903E9,86.51155082014776
1.406999728425577E9,88.68351992496777
1.406999733794809E9,86.51155082014776
1.406999739838663E9,84.40573028471158
1.40699974519619E9,86.51155082014776
1.406999750537821E9,86.51155082014776
1.40699975577457E9,84.40573028471158
1.406999761204915E9,84.40573028471158
1.40699976651721E9,84.40573028471158
1.406999771757447E9,84.40573028471158
1.406999777215598E9,84.40573028471158
1.406999783001917E9,82.29990463023192
1.406999788326414E9,86.57769938953159
1.406999793456288E9,84.40573028471158
1.406999798561747E9,82.29990463023192
1.4069998043886E9,84.40573028471158
1.406999809954948E9,84.40573028471158
1.406999814863169E9,86.57769938953159
1.406999820372662E9,82.29990463023192
1.40699982570047E9,82.29990463023192
1.406999831081932E9,84.40573028471158
1.406999836247409E9,82.29990463023192
1.406999841479106E9,82.29990463023192
1.406999847106922E9,84.40573028471158
1.406999852289296E9,84.40573028471158
1.406999859075974E9,82.29990463023192
1.406999864388267E9,86.57769938953159
1.406999869677296E9,84.40573028471158
1.406999874642438E9,84.40573028471158
1.406999879904233E9,84.40573028471158
1.406999885130359E9,84.40573028471158
1.4069998906291E9,84.40573028471158
1.406999896340994E9,86.57769938953159
1.406999901570088E9,82.29990463023192
1.406999906679961E9,84.40573028471158
1.406999913117402E9,84.40573028471158
1.406999918539969E9,84.40573028471158
1.406999924011554E9,86.57769938953159
1.406999929636078E9,84.40573028471158
1.406999934852108E9,88.68351992496777
1.406999940083231E9,84.40573028471158
1.40699994514751E9,84.40573028471158
1.406999950489332E9,86.57769938953159
1.406999955841817E9,84.40573028471158
1.406999961062876E9,84.40573028471158
1.406999966380899E9,84.40573028471158
1.406999971803682E9,86.51155082014776
1.406999977164875E9,86.57769938953159
1.406999982250482E9,84.40573028471158
1.406999987488231E9,84.40573028471158
1.406999992793518E9,86.57769938953159
1.406999998134098E9,84.40573028471158
1.407000004071627E9,84.40573028471158
1.407000009172266E9,84.40573028471158
1.407000014474691E9,82.29990463023192
1.40700001985557E9,84.47187373505193
1.407000025431923E9,82.29990463023192
1.407000030580223E9,82.29990463023192
1.40700003572775E9,86.57769938953159
1.407000041449504E9,82.29990463023192
1.407000047642206E9,82.29990463023192
1.407000052802488E9,80.19407385670875
1.407000057972002E9,82.29990463023192
1.407000063228754E9,82.29990463023192
1.407000068612985E9,82.29990463023192
1.407000073848561E9,82.36604296152876
1.407000079342411E9,80.19407385670875
1.407000084442551E9,82.36604296152876
1.407000089983283E9,80.19407385670875
1.407000095646996E9,80.19407385670875
1.407000100860632E9,82.36604296152876
1.407000105817921E9,80.19407385670875
1.407000111450722E9,82.36604296152876
1.407000116724144E9,80.19407385670875
1.407000122152197E9,80.19407385670875
1.407000127468831E9,80.19407385670875
1.407000132578385E9,80.19407385670875
1.40700013803467E9,82.36604296152876
1.407000143920997E9,80.19407385670875
1.407000149365647E9,80.2602070689621
1.407000154452005E9,78.0882379641421
1.407000159880626E9,80.19407385670875
1.407000165203904E9,80.19407385670875
1.407000171021767E9,78.0882379641421
1.407000176511176E9,82.36604296152876
1.407000181605709E9,78.0882379641421
1.407000186815448E9,80.19407385670875
1.40700019203458E9,82.36604296152876
1.407000197682327E9,80.19407385670875
1.407000203699779E9,80.19407385670875
1.407000208863326E9,78.0882379641421
1.407000214240026E9,80.2602070689621
1.407000219484661E9,80.19407385670875
1.407000224963792E9,80.19407385670875
1.407000230572685E9,78.0882379641421
1.407000235699311E9,78.0882379641421
1.407000240921947E9,80.2602070689621
1.407000246170056E9,78.0882379641421
1.407000251631058E9,80.19407385670875
1.407000257499079E9,80.19407385670875
1.407000262808195E9,78.0882379641421
1.407000268221947E9,82.36604296152876
1.407000275072484E9,78.0882379641421
1.407000280727257E9,80.2602070689621
1.407000285967498E9,78.0882379641421
1.407000291343061E9,4.446705653592922
1.407000296488383E9,0.0
1.40700030196821E9,2.274736548772909
1.407000306970036E9,4.446705653592922
1.407000312528216E9,2.274736548772909
1.407000318659919E9,4.446705653592922
1.407000323842331E9,0.0
1.407000330331873E9,4.446705653592922
1.407000335707584E9,0.0
1.407000341268694E9,2.274736548772909
1.407000346648626E9,4.446705653592922
1.407000352141279E9,2.274736548772909
1.407000357689839E9,4.446705653592922
1.407000363042397E9,0.0
1.407000368287169E9,0.0
1.40700037349948E9,4.446705653592922
1.407000378650014E9,0.0
1.407000384711304E9,2.1719691048200125
1.407000390637459E9,0.0
1.407000395575652E9,2.274736548772909
1.407000400771275E9,2.1719691048200125
1.407000406319181E9,2.274736548772909
1.407000411885466E9,2.274736548772909
1.407000417064707E9,2.1719691048200125
1.40700042260353E9,2.274736548772909
1.407000427816354E9,2.274736548772909
1.407000433435165E9,0.0
1.407000438975185E9,0.0
1.407000443818601E9,4.446705653592922
1.407000448808098E9,2.274736548772909
1.407000454424986E9,0.0
1.407000460593689E9,2.274736548772909
1.407000465896079E9,0.0
1.407000470767429E9,4.446705653592922
1.407000476049924E9,0.0
1.407000481587989E9,2.1719691048200125
1.407000486914991E9,2.274736548772909
1.40700049210691E9,0.0
1.407000497185112E9,4.446705653592922
1.407000502310405E9,0.0
1.407000507524252E9,2.274736548772909
1.40700051284872E9,0.0
1.407000518051955E9,2.274736548772909
1.407000523137797E9,0.0
1.407000528328341E9,2.1719691048200125
1.407000533540552E9,2.274736548772909
1.4070005388148E9,0.0
1.40700054408677E9,2.274736548772909
1.407000549643472E9,2.274736548772909
1.407000555304375E9,4.446705653592922
1.407000560593179E9,0.0
1.407000565812146E9,2.274736548772909
1.407000571336501E9,4.446705653592922
1.407000576616021E9,0.0
1.407000581941643E9,2.274736548772909
1.407000587472574E9,2.274736548772909
1.407000592688102E9,0.0
1.407000598201261E9,4.446705653592922
1.407000603565012E9,2.274736548772909
1.407000608454877E9,0.0
1.407000613965824E9,2.274736548772909
1.407000619212513E9,0.0
1.407000624780119E9,0.0
1.407000629935753E9,2.274736548772909
1.407000634870054E9,0.0
1.407000640431866E9,0.0
1.40700064598533E9,4.446705653592922
1.407000651383861E9,2.274736548772909
1.407000656741429E9,2.1719691048200125
1.407000662372011E9,0.0
1.407000667488543E9,4.446705653592922
1.407000672602867E9,2.1719691048200125
1.407000677944652E9,2.274736548772909
1.407000683396756E9,4.446705653592922
1.407000688630696E9,0.0
1.407000694252328E9,2.274736548772909
1.407000699693338E9,4.446705653592922
1.407000705142912E9,0.0
1.407000710512829E9,4.446705653592922
1.407000715810545E9,0.0
1.407000721189938E9,2.274736548772909
1.40700072649511E9,4.446705653592922
1.407000731886179E9,0.0
1.407000737300183E9,2.1719691048200125
1.407000742491246E9,2.274736548772909
1.407000747904863E9,0.0
1.407000753136936E9,2.274736548772909
1.407000758808877E9,2.274736548772909
1.407000764223644E9,2.274736548772909
1.407000769640632E9,2.1719691048200125
1.407000774820755E9,2.274736548772909
1.40700078028314E9,0.0
1.407000785717888E9,2.1719691048200125
1.407000790843103E9,2.274736548772909
1.407000796040768E9,2.1719691048200125
1.407000801416174E9,0.0
1.407000807089815E9,2.274736548772909
1.407000812750477E9,4.446705653592922
1.407000817976561E9,0.0
1.407000823233533E9,2.274736548772909
1.407000828591322E9,4.446705653592922
1.407000834313306E9,0.0
1.407000839742193E9,2.1719691048200125
1.40700084478289E9,2.274736548772909
1.407000850072417E9,0.0
1.407000855357038E9,2.1719691048200125
1.407000860895556E9,2.274736548772909
1.407000867360196E9,0.0
1.407000872694209E9,2.274736548772909
1.407000879345493E9,4.446705653592922
1.407000884543722E9,2.274736548772909
1.407000889559057E9,2.1719691048200125
1.407000894950016E9,2.274736548772909
1.407000900744508E9,2.274736548772909
1.407000906077036E9,0.0
1.407000911190671E9,2.274736548772909
1.407000916624983E9,4.446705653592922
1.40700092190377E9,0.0
1.407000927429233E9,2.1719691048200125
1.407000932697723E9,0.0
1.407000937852261E9,2.274736548772909
1.40700094321301E9,0.0
1.407000949071427E9,0.0
1.40700095414095E9,4.446705653592922
1.407000959409755E9,2.274736548772909
1.407000964602865E9,0.0
1.407000969701484E9,2.274736548772909
1.407000974966005E9,2.1719691048200125
1.407000980309124E9,2.274736548772909
1.407000985959324E9,0.0
1.407000992830037E9,2.274736548772909
1.407000998299829E9,2.1719691048200125
1.4070010032228E9,0.0
1.407001008624432E9,2.274736548772909
1.407001014093786E9,2.1719691048200125
1.407001019898364E9,0.0
1.407001025680251E9,2.1719691048200125
1.407001030785627E9,2.274736548772909
1.407001036150307E9,0.0
1.407001041332282E9,4.446705653592922
1.407001047043468E9,0.0
1.407001052055717E9,0.0
1.407001057435183E9,4.446705653592922
1.407001062829984E9,0.0
1.407001068137276E9,2.274736548772909
1.407001073317703E9,4.446705653592922
1.407001078503672E9,0.0
1.407001083888222E9,2.274736548772909
1.407001089498631E9,2.274736548772909
1.407001094844254E9,0.0
1.407001100115782E9,2.1719691048200125
1.407001105528846E9,0.0
1.407001110863351E9,2.274736548772909
1.407001116134259E9,0.0
1.407001121691833E9,0.0
1.407001126777421E9,2.274736548772909
1.40700113187697E9,0.0
1.407001137083522E9,2.274736548772909
1.407001142679674E9,2.274736548772909
1.40700114824936E9,2.274736548772909
1.407001153483286E9,2.274736548772909
1.407001158740049E9,2.1719691048200125
1.407001164506929E9,0.0
1.407001169613666E9,2.274736548772909
1.407001174861467E9,2.1719691048200125
1.407001180174897E9,2.274736548772909
1.407001186069531E9,2.274736548772909
1.407001191679921E9,2.274736548772909
1.407001196941484E9,0.0
1.407001201778028E9,2.274736548772909
1.40700120738776E9,0.0
1.407001213385435E9,2.1719691048200125
1.407001218592101E9,2.274736548772909
1.407001223412849E9,0.0
1.407001228692949E9,2.274736548772909
1.407001234368621E9,0.0
1.407001240292142E9,0.0
1.407001245441765E9,2.1719691048200125
1.407001250358728E9,2.274736548772909
1.407001256176754E9,2.274736548772909
1.407001261866311E9,2.274736548772909
1.407001266917569E9,0.0
1.407001272402708E9,0.0
1.407001278399137E9,2.274736548772909
1.407001284053135E9,2.1719691048200125
1.407001288982542E9,2.274736548772909
1.407001294380417E9,2.1719691048200125
1.407001299733207E9,0.0
1.407001305307224E9,2.274736548772909
1.407001310533409E9,0.0
1.407001315970848E9,4.446705653592922
1.407001320983734E9,0.0
1.407001326272994E9,2.1719691048200125
1.407001331894317E9,2.274736548772909
1.407001337742014E9,2.274736548772909
1.407001342888088E9,2.1719691048200125
1.407001348214689E9,2.274736548772909
1.407001353853765E9,2.274736548772909
1.407001358896309E9,4.446705653592922
1.407001364472765E9,2.274736548772909
1.40700136994367E9,0.0
1.407001375726195E9,0.0
1.407001380737549E9,2.274736548772909
1.407001386101996E9,0.0
1.407001391540692E9,0.0
1.407001397048012E9,2.274736548772909
1.407001402364969E9,4.446705653592922
1.407001407467053E9,2.274736548772909
1.407001413427938E9,2.274736548772909
1.4070014188357E9,0.0
1.407001424071224E9,2.274736548772909
1.407001429197565E9,2.1719691048200125
1.407001434306733E9,0.0
1.40700143981248E9,2.274736548772909
1.407001445314536E9,2.1719691048200125
1.407001451946437E9,2.274736548772909
1.407001457656701E9,4.446705653592922
1.407001463095372E9,0.0
1.407001468349482E9,2.274736548772909
1.407001473887817E9,2.1719691048200125
1.407001479886739E9,0.0
1.407001484979952E9,4.446705653592922
1.407001489993394E9,2.274736548772909
1.407001495297549E9,2.274736548772909
1.407001500872575E9,2.274736548772909
1.407001506312033E9,2.274736548772909
1.407001512873034E9,2.274736548772909
1.40700151857965E9,0.0
1.407001524123894E9,4.446705653592922
1.407001529521682E9,2.274736548772909
1.407001534585288E9,0.0
1.407001539958776E9,2.274736548772909
1.40700154579949E9,2.274736548772909
1.407001550840683E9,2.274736548772909
1.407001556051455E9,0.0
1.407001561472018E9,0.0
1.407001566822259E9,2.274736548772909
1.407001572265038E9,0.0
1.407001577564745E9,0.0
1.407001582612606E9,2.274736548772909
1.407001588007199E9,2.1719691048200125
1.407001593809331E9,0.0
1.40700159898351E9,4.446705653592922
1.407001604179759E9,0.0
1.407001609502182E9,2.274736548772909
1.407001615276521E9,0.0
1.407001620289902E9,0.0
1.407001625568771E9,0.0
1.407001631105187E9,2.1719691048200125
1.407001636970799E9,0.0
1.407001642148512E9,2.274736548772909
1.407001647445072E9,2.274736548772909
1.407001652907639E9,0.0
1.407001658199879E9,2.274736548772909
1.407001663532724E9,2.274736548772909
1.407001670071087E9,4.446705653592922
1.407001675456014E9,2.274736548772909
1.407001680260426E9,0.0
1.407001686216604E9,2.274736548772909
1.407001691736404E9,2.274736548772909
1.407001696790936E9,2.1719691048200125
1.407001701889261E9,2.274736548772909
1.407001707020893E9,2.274736548772909
1.407001712252168E9,4.446705653592922
1.407001717575455E9,0.0
1.407001723061621E9,2.274736548772909
1.407001728474066E9,4.446705653592922
1.407001733725657E9,0.0
1.407001739201157E9,2.274736548772909
1.407001744572716E9,2.274736548772909
1.407001750143387E9,0.0
1.407001755320348E9,2.1719691048200125
1.407001761304961E9,2.274736548772909
1.407001766525043E9,2.274736548772909
1.407001771823542E9,4.446705653592922
1.407001777076031E9,0.0
1.407001782635643E9,0.0
1.407001787916447E9,4.446705653592922
1.407001793307468E9,2.274736548772909
1.40700179886239E9,0.0
1.407001804554065E9,0.0
1.40700180988437E9,2.274736548772909
1.40700181521803E9,2.1719691048200125
1.407001820877443E9,0.0
1.407001825793834E9,2.274736548772909
1.407001831076843E9,2.1719691048200125
1.4070018366989E9,0.0
1.407001842112768E9,4.446705653592922
1.40700184727092E9,2.274736548772909
1.407001852386005E9,0.0
1.407001857834334E9,2.274736548772909
1.407001863282697E9,2.274736548772909
1.407001868691632E9,2.274736548772909
1.407001874220754E9,2.1719691048200125
1.407001879725593E9,0.0
1.407001885011949E9,2.274736548772909
1.407001890349658E9,2.274736548772909
1.407001895736998E9,0.0
1.407001901446075E9,2.1719691048200125
1.407001906765582E9,2.274736548772909
1.407001912020783E9,0.0
1.407001917400868E9,0.0
1.407001922846981E9,2.274736548772909
1.407001928148429E9,0.0
1.407001933389729E9,2.1719691048200125
1.407001938832573E9,0.0
1.407001944320588E9,4.446705653592922
1.407001949570679E9,2.274736548772909
1.407001954412172E9,0.0
1.407001959831672E9,2.274736548772909
1.40700196549138E9,2.274736548772909
1.407001970798806E9,0.0
1.407001976256498E9,2.274736548772909
1.407001981532866E9,2.274736548772909
1.407001987250493E9,0.0
1.407001992791057E9,0.0
1.407001998099674E9,2.274736548772909
1.407002003309903E9,2.274736548772909
1.407002008467823E9,0.0
1.407002014189412E9,2.274736548772909
1.407002020799048E9,0.0
1.407002026061126E9,2.274736548772909
1.407002031307584E9,0.0
1.407002036723848E9,2.274736548772909
1.407002042325858E9,4.446705653592922
1.407002047767786E9,0.0
1.40700205320633E9,2.274736548772909
1.407002058574861E9,2.274736548772909
1.40700206366673E9,0.0
1.407002068861932E9,2.274736548772909
1.407002074356567E9,2.274736548772909
1.407002079905508E9,0.0
1.407002085288565E9,4.446705653592922
1.40700209051277E9,2.274736548772909
1.40700209580464E9,0.0
1.407002101307831E9,2.1719691048200125
1.40700210654444E9,2.274736548772909
1.407002111733333E9,0.0
1.407002117575934E9,2.1719691048200125
1.407002122655088E9,2.274736548772909
1.407002127677156E9,2.274736548772909
1.407002133109522E9,2.274736548772909
1.407002138554014E9,0.0
1.407002143874111E9,2.274736548772909
1.407002149080197E9,0.0
1.40700215435939E9,0.0
1.407002159905737E9,122.30971670890762
1.407002165063837E9,92.8289817121953
1.407002170420297E9,94.93478177145748
1.407002175665864E9,92.8289817121953
1.407002181331429E9,99.21254581649617
1.407002186432616E9,97.04057671167617
1.407002192079366E9,94.93478177145748
1.407002197421997E9,97.10675087627749
1.40700220262553E9,94.93478177145748
1.407002207776038E9,94.93478177145748
1.407002213171947E9,92.8289817121953
1.40700221856407E9,92.8289817121953
1.407002223461165E9,92.8289817121953
1.407002228804283E9,92.89514563870962
1.407002234404134E9,90.72317653388961
1.407002240107208E9,88.61736623654045
1.407002245074706E9,88.61736623654045
1.407002250439973E9,86.51155082014776
1.407002255814079E9,90.78933534136046
1.407002261501613E9,86.51155082014776
1.407002266581259E9,86.51155082014776
1.407002271519597E9,86.57769938953159
1.407002276878432E9,84.40573028471158
1.407002282811846E9,88.68351992496777
1.407002288285387E9,84.40573028471158
1.407002293250701E9,84.40573028471158
1.40700229854453E9,86.57769938953159
1.407002303859994E9,84.40573028471158
1.407002310029684E9,84.40573028471158
1.407002315399618E9,82.29990463023192
1.407002320301452E9,82.29990463023192
1.407002325822308E9,84.47187373505193
1.407002331565552E9,82.29990463023192
1.407002336953348E9,84.47187373505193
1.407002342077785E9,82.29990463023192
1.407002347583669E9,82.29990463023192
1.407002353601093E9,82.29990463023192
1.40700235904457E9,82.29990463023192
1.407002364279164E9,82.29990463023192
1.407002369697317E9,84.40573028471158
1.407002375124344E9,82.29990463023192
1.40700238062477E9,84.47187373505193
1.407002385788916E9,82.29990463023192
1.407002391144013E9,84.40573028471158
1.40700239623738E9,86.57769938953159
1.407002401480965E9,82.29990463023192
1.407002406747487E9,82.29990463023192
1.407002412180834E9,86.57769938953159
1.407002417665404E9,84.40573028471158
1.407002423291027E9,82.29990463023192
1.407002428523414E9,84.47187373505193
1.407002433803305E9,84.40573028471158
1.407002439040732E9,84.40573028471158
1.407002444377269E9,86.57769938953159
1.407002449691409E9,84.40573028471158
1.407002455118447E9,84.40573028471158
1.407002460332032E9,84.40573028471158
1.407002465574577E9,84.40573028471158
1.407002470810054E9,84.40573028471158
1.407002476172612E9,84.40573028471158
1.407002481431164E9,84.40573028471158
1.407002487315078E9,88.68351992496777
1.407002492655082E9,86.51155082014776
1.40700249791878E9,84.40573028471158
1.40700250329679E9,84.40573028471158
1.407002508637475E9,84.40573028471158
1.40700251414757E9,84.40573028471158
1.407002519413318E9,84.40573028471158
1.407002526029746E9,84.40573028471158
1.407002531377334E9,84.40573028471158
1.407002536309186E9,82.29990463023192
1.407002541786378E9,86.57769938953159
1.407002547075819E9,82.29990463023192
1.407002552274505E9,82.29990463023192
1.407002558398025E9,82.29990463023192
1.407002563747501E9,82.29990463023192
1.407002568947377E9,82.29990463023192
1.407002574127845E9,82.29990463023192
1.407002579221365E9,82.29990463023192
1.407002584430975E9,84.47187373505193
1.407002589721139E9,82.29990463023192
1.407002595175024E9,82.29990463023192
1.407002600373623E9,82.36604296152876
1.40700260548717E9,82.29990463023192
1.407002610852452E9,80.19407385670875
1.407002616038022E9,82.36604296152876
1.407002621270564E9,80.19407385670875
1.407002626549097E9,80.19407385670875
1.407002632365246E9,80.19407385670875
1.407002637897194E9,80.19407385670875
1.407002642882875E9,82.36604296152876
1.407002648032509E9,82.29990463023192
1.407002653714869E9,80.19407385670875
1.407002658957364E9,82.36604296152876
1.40700266443786E9,80.19407385670875
1.407002669665056E9,82.36604296152876
1.40700267485898E9,78.0882379641421
1.40700268177393E9,80.19407385670875
1.407002687353154E9,80.19407385670875
1.407002692784876E9,82.36604296152876
1.40700269819156E9,80.19407385670875
1.407002703743429E9,80.19407385670875
1.407002709069172E9,80.19407385670875
1.407002714573282E9,80.19407385670875
1.407002719860634E9,82.36604296152876
1.407002725429576E9,80.19407385670875
1.407002730624949E9,80.19407385670875
1.407002736256575E9,82.36604296152876
1.40700274352704E9,80.2602070689621
1.407002748430936E9,78.0882379641421
1.407002753699797E9,78.0882379641421
1.407002759111574E9,78.0882379641421
1.407002764907993E9,80.19407385670875
1.407002770214019E9,80.19407385670875
1.407002775343505E9,80.2602070689621
1.407002780628859E9,80.19407385670875
1.407002786445467E9,80.19407385670875
1.40700279190896E9,80.2602070689621
1.407002797422001E9,80.19407385670875
1.407002804037255E9,78.0882379641421
1.407002809450716E9,17.016770295787452
1.407002814843284E9,2.1719691048200125
1.407002819931911E9,2.274736548772909
1.407002825120687E9,0.0
1.407002830664891E9,2.1719691048200125
1.407002836214669E9,2.274736548772909
1.4070028418161E9,2.274736548772909
1.407002847408395E9,0.0
1.407002853072186E9,2.274736548772909
1.407002858870613E9,2.274736548772909
1.407002863777784E9,0.0
1.407002869058743E9,2.274736548772909
1.40700287489481E9,2.274736548772909
1.40700288057148E9,2.274736548772909
1.407002885821513E9,2.1719691048200125
1.407002890984112E9,0.0
1.407002896220629E9,2.1719691048200125
1.407002901808284E9,2.274736548772909
1.407002907143762E9,2.274736548772909
1.407002912564938E9,4.446705653592922
1.407002918032095E9,0.0
1.407002923303911E9,4.446705653592922
1.407002928738031E9,2.274736548772909
1.407002934102538E9,0.0
1.407002939166038E9,2.274736548772909
1.407002944489529E9,2.274736548772909
1.407002949953184E9,0.0
1.407002955471886E9,2.1719691048200125
1.407002960458426E9,2.274736548772909
1.40700296573632E9,0.0
1.407002971115226E9,4.446705653592922
1.407002976291728E9,2.274736548772909
1.407002981629115E9,2.1719691048200125
1.407002986904917E9,2.274736548772909
1.407002992373361E9,0.0
1.407002997999074E9,2.1719691048200125
1.407003003155652E9,2.274736548772909
1.407003008039779E9,2.1719691048200125
1.407003013423438E9,0.0
1.407003018711034E9,2.274736548772909
1.407003024481237E9,4.446705653592922
1.407003029703788E9,0.0
1.407003035157819E9,2.274736548772909
1.407003040660465E9,2.274736548772909
1.407003046000961E9,0.0
1.407003051166451E9,4.446705653592922
1.407003056341016E9,2.274736548772909
1.407003061746784E9,0.0
1.407003067299583E9,2.274736548772909
1.407003072522748E9,2.274736548772909
1.407003077825983E9,2.1719691048200125
1.407003083556584E9,0.0
1.407003088715303E9,2.274736548772909
1.407003094078791E9,2.1719691048200125
1.407003099625447E9,2.274736548772909
1.407003105342463E9,2.1719691048200125
1.407003110584461E9,0.0
1.407003115667743E9,2.274736548772909
1.407003120639005E9,4.446705653592922
1.407003126369213E9,2.274736548772909
1.40700313231311E9,4.446705653592922
1.40700313715899E9,2.274736548772909
1.407003142464764E9,2.274736548772909
1.407003148253657E9,0.0
1.407003153401599E9,0.0
1.407003158959481E9,2.274736548772909
1.407003164366771E9,4.446705653592922
1.407003170009479E9,0.0
1.407003174897538E9,2.274736548772909
1.407003180409452E9,4.446705653592922
1.407003185509948E9,0.0
1.407003191091482E9,2.274736548772909
1.407003197081461E9,2.274736548772909
1.407003202476889E9,2.274736548772909
1.407003207754961E9,0.0
1.407003213112019E9,2.274736548772909
1.407003218269658E9,2.1719691048200125
1.407003223525945E9,0.0
1.40700322895963E9,2.274736548772909
1.407003234263264E9,2.1719691048200125
1.407003239473044E9,0.0
1.407003244954519E9,2.274736548772909
1.407003250541905E9,2.274736548772909
1.40700325589444E9,0.0
1.407003261248193E9,4.446705653592922
1.407003266402843E9,2.274736548772909
1.407003271824855E9,0.0
1.407003277125509E9,2.274736548772909
1.407003282255173E9,0.0
1.4070032876456E9,0.0
1.407003292976306E9,2.274736548772909
1.40700329809375E9,2.1719691048200125
1.40700330330571E9,0.0
1.407003308757416E9,4.446705653592922
1.407003313967017E9,0.0
1.407003318972719E9,2.274736548772909
1.407003323890093E9,0.0
1.407003329589911E9,0.0
1.407003335602184E9,2.1719691048200125
1.407003341102479E9,2.274736548772909
1.407003346012482E9,0.0
1.407003351282171E9,4.446705653592922
1.407003356688761E9,2.274736548772909
1.407003361948295E9,0.0
1.407003367357919E9,2.1719691048200125
1.407003372755399E9,2.274736548772909
1.407003378270163E9,2.1719691048200125
1.40700338357451E9,0.0
1.407003389044563E9,2.274736548772909
1.407003394499404E9,2.274736548772909
1.407003400154109E9,0.0
1.407003405619831E9,2.1719691048200125
1.407003411039254E9,2.274736548772909
1.407003416663679E9,2.1719691048200125
1.407003421797118E9,2.274736548772909
1.407003426728195E9,0.0
1.407003432091521E9,2.1719691048200125
1.407003437238227E9,2.274736548772909
1.407003444014711E9,2.1719691048200125
1.407003449402596E9,0.0
1.407003454709841E9,4.446705653592922
1.407003460529303E9,0.0
1.407003465959023E9,2.274736548772909
1.40700347121778E9,0.0
1.407003476130923E9,0.0
1.40700348136059E9,2.274736548772909
1.407003486595564E9,4.446705653592922
1.407003492407692E9,2.274736548772909
1.407003497641138E9,2.274736548772909
1.40700350277947E9,2.1719691048200125
1.407003508242079E9,2.274736548772909
1.407003514476981E9,2.274736548772909
1.407003519697268E9,2.274736548772909
1.40700352489907E9,0.0
1.407003530378924E9,2.274736548772909
1.407003535754879E9,2.274736548772909
1.407003541418878E9,4.446705653592922
1.407003546691444E9,0.0
1.407003552101722E9,2.274736548772909
1.407003557269858E9,2.1719691048200125
1.407003562773571E9,0.0
1.407003568252742E9,2.274736548772909
1.40700357358023E9,4.446705653592922
1.407003578861002E9,0.0
1.407003584274615E9,2.274736548772909
1.407003589463554E9,4.446705653592922
1.407003594824114E9,0.0
1.407003600266788E9,2.274736548772909
1.407003605552242E9,2.274736548772909
1.407003610454565E9,0.0
1.407003615880514E9,2.274736548772909
1.407003621237655E9,0.0
1.407003626535398E9,0.0
1.407003631999985E9,4.446705653592922
1.407003637160727E9,0.0
1.407003642841079E9,0.0
1.407003648206806E9,2.274736548772909
1.407003653262438E9,2.274736548772909
1.407003658579505E9,2.274736548772909
1.407003663927277E9,2.1719691048200125
1.407003669253713E9,2.274736548772909
1.407003674460334E9,4.446705653592922
1.4070036797438E9,2.274736548772909
1.407003684898306E9,0.0
1.407003690192915E9,2.274736548772909
1.407003695670752E9,2.274736548772909
1.407003701295335E9,2.1719691048200125
1.40700370653686E9,0.0
1.407003711907227E9,2.274736548772909
1.407003717175561E9,0.0
1.407003722307773E9,0.0
1.407003727722062E9,2.274736548772909
1.407003733069257E9,2.1719691048200125
1.407003738609917E9,0.0
1.407003743858461E9,2.274736548772909
1.407003749233772E9,0.0
1.407003754370352E9,0.0
1.407003759764236E9,2.1719691048200125
1.407003765169591E9,2.274736548772909
1.407003770575377E9,0.0
1.407003775728654E9,2.1719691048200125
1.407003781332203E9,2.274736548772909
1.407003786730705E9,4.446705653592922
1.407003793478938E9,0.0
1.407003798838105E9,4.446705653592922
1.407003804582428E9,2.274736548772909
1.407003810113269E9,0.0
1.407003815252785E9,2.274736548772909
1.407003820609037E9,2.274736548772909
1.407003825765535E9,2.1719691048200125
1.407003831201861E9,2.274736548772909
1.407003836704155E9,2.274736548772909
1.407003841781466E9,2.1719691048200125
1.407003846735856E9,2.274736548772909
1.407003852055498E9,0.0
1.407003857631505E9,2.1719691048200125
1.407003863055233E9,2.274736548772909
1.407003868197058E9,0.0
1.407003873774217E9,0.0
1.407003878935269E9,2.274736548772909
1.407003884342755E9,2.1719691048200125
1.40700388955938E9,0.0
1.407003894577846E9,2.274736548772909
1.407003899960444E9,0.0
1.407003905539038E9,0.0
1.407003911256043E9,4.446705653592922
1.407003916722097E9,2.274736548772909
1.407003922212644E9,0.0
1.40700392820924E9,0.0
1.407003933599842E9,0.0
1.407003938865296E9,2.274736548772909
1.40700394426722E9,0.0
1.407003949582709E9,0.0
1.407003954979941E9,2.274736548772909
1.407003960282549E9,0.0
1.407003965302495E9,0.0
1.407003970657613E9,4.446705653592922
1.4070039758451E9,0.0
1.407003981313288E9,0.0
1.407003986447146E9,4.446705653592922
1.407003991641868E9,0.0
1.407003997007972E9,2.274736548772909
1.40700400210775E9,2.274736548772909
1.407004007587973E9,2.274736548772909
1.40700401344991E9,4.446705653592922
1.407004018647609E9,0.0
1.407004023879991E9,2.274736548772909
1.407004029023601E9,0.0
1.407004034471854E9,0.0
1.407004039817596E9,2.274736548772909
1.407004045080461E9,2.1719691048200125
1.407004050523289E9,0.0
1.407004056048822E9,4.446705653592922
1.40700406147691E9,2.274736548772909
1.407004066861151E9,0.0
1.407004072255029E9,2.274736548772909
1.407004077692409E9,2.274736548772909
1.407004083030828E9,2.1719691048200125
1.407004088483636E9,0.0
1.407004093926066E9,4.446705653592922
1.407004099213751E9,0.0
1.40700410431787E9,2.274736548772909
1.407004109800868E9,2.274736548772909
1.40700411546023E9,2.274736548772909
1.40700412110377E9,2.1719691048200125
1.407004126285254E9,0.0
1.407004131504913E9,4.446705653592922
1.407004137263632E9,0.0
1.407004142762042E9,2.1719691048200125
1.407004148059696E9,2.274736548772909
1.407004153216352E9,0.0
1.407004158713847E9,2.1719691048200125
1.407004163759789E9,2.274736548772909
1.407004168966345E9,0.0
1.407004174804099E9,4.446705653592922
1.407004180416175E9,2.274736548772909
1.407004185650343E9,2.1719691048200125
1.407004192203317E9,0.0
1.407004197469674E9,2.1719691048200125
1.407004203022492E9,2.274736548772909
1.407004208434461E9,2.274736548772909
1.407004213859159E9,2.1719691048200125
1.407004218794992E9,2.274736548772909
1.407004224327156E9,0.0
1.407004229922694E9,2.1719691048200125
1.407004235187795E9,0.0
1.407004240047128E9,2.274736548772909
1.407004245489687E9,4.446705653592922
1.407004251753631E9,2.274736548772909
1.407004257117846E9,0.0
1.407004262061352E9,2.274736548772909
1.407004267065837E9,0.0
1.407004273016824E9,2.1719691048200125
1.407004278874234E9,0.0
1.407004283818634E9,2.274736548772909
1.407004289211183E9,0.0
1.407004294997895E9,0.0
1.407004300476436E9,0.0
1.407004305847016E9,2.274736548772909
1.40700431116057E9,2.1719691048200125
1.407004316630314E9,0.0
1.407004322054168E9,2.274736548772909
1.407004327349337E9,2.274736548772909
1.407004332812514E9,0.0
1.407004338173171E9,2.274736548772909
1.407004343561756E9,2.274736548772909
1.407004348927269E9,0.0
1.407004354313636E9,2.274736548772909
1.407004359750469E9,0.0
1.407004365290015E9,4.446705653592922
1.407004370154288E9,2.274736548772909
1.407004375716105E9,0.0
1.407004382439014E9,2.274736548772909
1.407004388329646E9,0.0
1.407004393673496E9,0.0
1.407004398897545E9,2.274736548772909
1.40700440461327E9,2.274736548772909
1.407004410028533E9,0.0
1.407004415114073E9,2.274736548772909
1.407004420056621E9,0.0
1.40700442570702E9,0.0
1.407004431948814E9,2.1719691048200125
1.40700443729993E9,2.274736548772909
1.40700444212066E9,4.446705653592922
1.407004447681289E9,0.0
1.407004453362082E9,4.446705653592922
1.407004458648611E9,2.274736548772909
1.407004464014571E9,0.0
1.407004469411663E9,2.1719691048200125
1.407004475244559E9,2.274736548772909
1.407004480516465E9,2.1719691048200125
1.40700448552832E9,2.274736548772909
1.407004490790302E9,0.0
1.407004497229286E9,0.0
1.407004502685599E9,0.0
1.407004507930405E9,4.446705653592922
1.407004513393431E9,2.274736548772909
1.407004518944038E9,0.0
1.407004524321842E9,2.274736548772909
1.407004529277853E9,2.274736548772909
1.407004534562865E9,0.0
1.407004540334974E9,2.274736548772909
1.40700454609202E9,2.274736548772909
1.407004550973957E9,0.0
1.407004556391674E9,0.0
1.407004562031956E9,2.274736548772909
1.407004568824811E9,2.274736548772909
1.407004573752196E9,2.274736548772909
1.40700457910392E9,2.1719691048200125
1.407004585233303E9,0.0
1.407004590493836E9,0.0
1.40700459560662E9,2.274736548772909
1.407004601029369E9,0.0
1.407004607060991E9,0.0
1.407004612540385E9,0.0
1.407004617911963E9,0.0
1.407004623201458E9,2.274736548772909
1.407004628671062E9,4.446705653592922
1.407004633908589E9,0.0
1.407004639020048E9,2.274736548772909
1.407004644246487E9,2.1719691048200125
1.40700464953342E9,0.0
1.407004655064677E9,113.88675194785975
1.407004660538289E9,90.72317653388961
1.407004665843616E9,92.8289817121953
1.407004671138039E9,97.10675087627749
1.407004676421936E9,94.93478177145748
1.407004681609682E9,97.10675087627749
1.407004686573846E9,94.93478177145748
1.407004691908328E9,94.93478177145748
1.40700469761801E9,97.10675087627749
1.407004702626586E9,94.93478177145748
1.407004708160203E9,94.93478177145748
1.407004713535925E9,95.00095081701531
1.407004718893301E9,90.72317653388961
1.407004723788506E9,90.72317653388961
1.40700472908424E9,92.89514563870962
1.4070047346846E9,88.61736623654045
1.40700474043737E9,90.78933534136046
1.407004745596386E9,86.51155082014776
1.407004750993571E9,86.51155082014776
1.407004756473072E9,86.51155082014776
1.407004762096738E9,84.40573028471158
1.407004767222375E9,86.57769938953159
1.407004772593727E9,86.51155082014776
1.407004778087315E9,84.40573028471158
1.407004783632787E9,84.40573028471158
1.4070047891252E9,84.40573028471158
1.407004794495663E9,86.57769938953159
1.407004799939806E9,82.29990463023192
1.407004805314615E9,86.57769938953159
1.407004810676864E9,84.40573028471158
1.407004815870161E9,84.40573028471158
1.407004821073962E9,84.47187373505193
1.407004826393138E9,82.29990463023192
1.40700483172785E9,88.76879989764626
1.407004836981324E9,84.47187373505193
1.407004842320861E9,82.29990463023192
1.40700484775749E9,86.57769938953159
1.407004852974949E9,82.29990463023192
1.407004858337734E9,84.47187373505193
1.407004864038084E9,82.29990463023192
1.407004869622723E9,84.40573028471158
1.407004874954219E9,84.47187373505193
1.407004880248461E9,82.29990463023192
1.40700488605285E9,82.29990463023192
1.407004891440689E9,84.40573028471158
1.407004896604612E9,82.29990463023192
1.407004902132972E9,82.29990463023192
1.407004908063328E9,84.40573028471158
1.4070049149162E9,84.40573028471158
1.407004920252914E9,84.40573028471158
1.407004925728436E9,86.57769938953159
1.407004931229021E9,82.29990463023192
1.407004936554473E9,84.40573028471158
1.407004942006127E9,86.57769938953159
1.407004947308212E9,84.40573028471158
1.40700495313721E9,84.40573028471158
1.407004958326671E9,84.40573028471158
1.407004963661312E9,84.40573028471158
1.407004968969704E9,84.40573028471158
1.4070049744404E9,84.40573028471158
1.407004979885698E9,84.40573028471158
1.407004985104257E9,84.40573028471158
1.407004990592922E9,84.40573028471158
1.407004996030308E9,84.40573028471158
1.407005001400101E9,84.40573028471158
1.40700500652254E9,84.40573028471158
1.407005011560863E9,84.40573028471158
1.407005016857576E9,84.40573028471158
1.407005022253951E9,84.40573028471158
1.407005027720846E9,86.57769938953159
1.407005033191167E9,84.40573028471158
1.407005038472952E9,86.57769938953159
1.40700504372334E9,84.40573028471158
1.407005049078417E9,82.29990463023192
1.407005054171304E9,84.47187373505193
1.40700505949101E9,82.29990463023192
1.407005064964318E9,82.29990463023192
1.407005070652457E9,84.47187373505193
1.407005076008774E9,82.29990463023192
1.407005081321082E9,84.47187373505193
1.407005086298014E9,82.29990463023192
1.407005091857473E9,82.29990463023192
1.40700509715687E9,82.29990463023192
1.407005102463119E9,82.29990463023192
1.40700510773998E9,82.29990463023192
1.407005113099639E9,82.29990463023192
1.407005118657191E9,82.29990463023192
1.407005124032706E9,80.19407385670875
1.407005129167115E9,82.36604296152876
1.407005134013437E9,80.19407385670875
1.407005139626455E9,80.19407385670875
1.407005145352172E9,82.29990463023192
1.407005150797355E9,82.29990463023192
1.407005155706828E9,82.29990463023192
1.407005161149428E9,84.47187373505193
1.407005166561971E9,80.19407385670875
1.407005172057583E9,84.47187373505193
1.407005177362913E9,80.19407385670875
1.407005182718689E9,80.19407385670875
1.407005188588415E9,82.29990463023192
1.40700519424529E9,80.19407385670875
1.407005199428657E9,82.36604296152876
1.407005204654994E9,80.19407385670875
1.407005210215527E9,80.19407385670875
1.407005215706101E9,82.36604296152876
1.407005220855E9,80.19407385670875
1.407005226172344E9,80.19407385670875
1.407005232015775E9,80.19407385670875
1.407005238016083E9,80.19407385670875
1.407005243082737E9,80.19407385670875
1.407005248371371E9,80.19407385670875
1.407005253489719E9,80.19407385670875
1.407005259093559E9,82.36604296152876
1.407005264399712E9,80.19407385670875
1.407005269757904E9,82.36604296152876
1.407005275156919E9,80.19407385670875
1.407005280550375E9,80.19407385670875
1.407005285647465E9,80.2602070689621
1.407005290922017E9,80.19407385670875
1.407005296373162E9,78.0882379641421
1.407005302289993E9,82.36604296152876
1.407005307806471E9,80.19407385670875
1.407005313007778E9,80.19407385670875
1.407005318272769E9,78.0882379641421
1.407005323548097E9,78.0882379641421
1.407005328915658E9,80.19407385670875
1.407005334551213E9,78.0882379641421
1.407005339872725E9,80.19407385670875
1.407005345129378E9,80.19407385670875
1.40700535053713E9,80.19407385670875
1.407005355636779E9,78.0882379641421
1.407005360863104E9,80.19407385670875
1.407005366344534E9,78.0882379641421
1.407005372386471E9,78.0882379641421
1.407005377680423E9,78.0882379641421
1.407005382927207E9,78.0882379641421
1.407005388052463E9,80.19407385670875
1.407005393159273E9,2.1719691048200125
1.407005398974752E9,0.0
1.407005404383215E9,2.1719691048200125
1.407005409784866E9,2.274736548772909
1.407005414792087E9,0.0
1.407005420595989E9,2.1719691048200125
1.407005425763295E9,0.0
1.407005430767599E9,2.274736548772909
1.407005436002905E9,2.1719691048200125
1.407005441629046E9,0.0
1.407005447106201E9,2.274736548772909
1.407005452353238E9,0.0
1.407005457577707E9,0.0
1.407005463179044E9,4.446705653592922
1.407005468530901E9,0.0
1.407005473447976E9,2.274736548772909
1.407005479079955E9,2.1719691048200125
1.407005484410822E9,0.0
1.407005489552066E9,2.274736548772909
1.407005494398556E9,0.0
1.407005499864978E9,2.274736548772909
1.407005505239579E9,2.1719691048200125
1.407005510510989E9,0.0
1.407005515768688E9,2.274736548772909
1.407005521261039E9,2.1719691048200125
1.407005526562807E9,0.0
1.40700553232371E9,4.446705653592922
1.407005537811454E9,2.274736548772909
1.407005543441238E9,4.446705653592922
1.407005548581826E9,0.0
1.407005553732407E9,2.274736548772909
1.407005559084433E9,0.0
1.407005564397095E9,0.0
1.407005569494234E9,2.274736548772909
1.407005574860756E9,2.1719691048200125
1.407005579727227E9,0.0
1.407005585034818E9,0.0
1.407005591007359E9,4.446705653592922
1.407005597851067E9,0.0
1.407005603035529E9,4.446705653592922
1.407005608210199E9,0.0
1.407005613377531E9,0.0
1.407005618858351E9,4.446705653592922
1.407005623954627E9,0.0
1.407005629412065E9,2.274736548772909
1.407005634506879E9,4.446705653592922
1.407005639412419E9,0.0
1.407005644995023E9,2.274736548772909
1.407005650740613E9,2.1719691048200125
1.407005655852021E9,2.274736548772909
1.407005661075591E9,0.0
1.407005666403413E9,0.0
1.407005671601945E9,2.274736548772909
1.407005677916618E9,4.446705653592922
1.407005683273388E9,0.0
1.407005688527872E9,0.0
1.407005693724774E9,2.1719691048200125
1.407005699172798E9,2.274736548772909
1.407005704297805E9,2.274736548772909
1.407005709658616E9,2.1719691048200125
1.407005715065042E9,2.274736548772909
1.407005720715468E9,4.446705653592922
1.407005726085437E9,0.0
1.407005731163764E9,2.274736548772909
1.407005736553075E9,4.446705653592922
1.407005742068915E9,2.274736548772909
1.407005747829921E9,2.1719691048200125
1.407005753327278E9,0.0
1.407005758550766E9,0.0
1.407005763872185E9,4.446705653592922
1.40700576925358E9,2.274736548772909
1.407005774528027E9,2.274736548772909
1.407005779799944E9,4.446705653592922
1.407005785317361E9,0.0
1.407005790328426E9,2.1719691048200125
1.407005796003095E9,2.274736548772909
1.407005801068839E9,0.0
1.407005806150455E9,4.446705653592922
1.4070058113212E9,0.0
1.407005816645825E9,0.0
1.407005822157853E9,4.446705653592922
1.407005827426417E9,2.274736548772909
1.40700583246316E9,0.0
1.407005837734686E9,2.274736548772909
1.407005843098192E9,0.0
1.407005848636304E9,2.1719691048200125
1.407005853787218E9,2.274736548772909
1.40700585903237E9,0.0
1.407005864176151E9,2.274736548772909
1.407005869577915E9,2.274736548772909
1.407005874562119E9,0.0
1.407005880203056E9,4.446705653592922
1.407005885600572E9,0.0
1.407005891069142E9,2.1719691048200125
1.40700589643171E9,0.0
1.407005901553284E9,2.274736548772909
1.407005906918486E9,2.1719691048200125
1.407005912436347E9,2.274736548772909
1.407005917865811E9,0.0
1.407005923249245E9,2.274736548772909
1.407005928664751E9,2.274736548772909
1.407005933918173E9,2.1719691048200125
1.407005939420046E9,0.0
1.407005944377558E9,2.274736548772909
1.407005950293841E9,2.1719691048200125
1.4070059557894E9,0.0
1.407005961085247E9,2.274736548772909
1.407005966038299E9,0.0
1.407005971641246E9,0.0
1.407005977205754E9,2.274736548772909
1.407005982543526E9,2.274736548772909
1.407005987978972E9,0.0
1.407005993290665E9,2.274736548772909
1.407005998677072E9,2.274736548772909
1.407006003760589E9,0.0
1.407006009015636E9,4.446705653592922
1.407006014503732E9,2.274736548772909
1.407006019856104E9,2.274736548772909
1.4070060250574E9,0.0
1.407006030389473E9,0.0
1.407006035633659E9,4.446705653592922
1.407006040934713E9,0.0
1.407006046011778E9,2.274736548772909
1.40700605112008E9,2.274736548772909
1.407006056466996E9,2.274736548772909
1.407006062544587E9,4.446705653592922
1.407006067712202E9,0.0
1.407006072843716E9,2.274736548772909
1.407006079410948E9,0.0
1.407006084673831E9,0.0
1.407006090267149E9,2.274736548772909
1.407006095962025E9,2.274736548772909
1.40700610120955E9,2.1719691048200125
1.407006106332856E9,2.274736548772909
1.407006111548668E9,2.274736548772909
1.407006117003207E9,0.0
1.407006122283785E9,2.274736548772909
1.407006127554328E9,2.274736548772909
1.40700613265951E9,0.0
1.407006138205399E9,2.274736548772909
1.407006143338921E9,0.0
1.407006148497159E9,0.0
1.407006153831394E9,2.274736548772909
1.407006159241474E9,0.0
1.407006164514292E9,2.1719691048200125
1.407006170006702E9,2.274736548772909
1.407006175136404E9,0.0
1.407006180476296E9,2.1719691048200125
1.407006186654293E9,0.0
1.407006191710791E9,0.0
1.407006196981383E9,4.446705653592922
1.407006202353961E9,0.0
1.407006208276532E9,2.1719691048200125
1.407006213342012E9,0.0
1.407006218617653E9,2.274736548772909
1.40700622425744E9,0.0
1.407006230036048E9,0.0
1.407006235335331E9,4.506877259736486
1.407006240272689E9,2.274736548772909
1.407006245742181E9,0.0
1.407006251691545E9,0.0
1.407006256897837E9,2.274736548772909
1.407006262275383E9,0.0
1.407006267506956E9,2.274736548772909
1.407006273582816E9,2.274736548772909
1.407006278572758E9,0.0
1.407006283582204E9,2.274736548772909
1.407006288880055E9,0.0
1.407006294857396E9,0.0
1.407006300447929E9,0.0
1.407006305376534E9,2.274736548772909
1.40700631076816E9,0.0
1.407006315998647E9,4.446705653592922
1.407006321756429E9,2.274736548772909
1.40700632709256E9,0.0
1.407006332132448E9,4.446705653592922
1.407006337295973E9,2.274736548772909
1.407006342992197E9,2.274736548772909
1.407006347947897E9,2.1719691048200125
1.407006353284685E9,2.274736548772909
1.407006358722067E9,2.274736548772909
1.407006364130963E9,2.1719691048200125
1.407006369482877E9,0.0
1.407006374689863E9,4.446705653592922
1.407006379867446E9,0.0
1.40700638494848E9,2.274736548772909
1.407006390308901E9,2.1719691048200125
1.407006395840568E9,0.0
1.407006401559145E9,2.274736548772909
1.407006407156984E9,2.1719691048200125
1.407006415092676E9,2.1719691048200125
1.407006420446327E9,0.0
1.407006425874598E9,2.274736548772909
1.407006431196097E9,0.0
1.40700643651701E9,2.274736548772909
1.407006441676711E9,4.446705653592922
1.407006447119785E9,0.0
1.407006452490273E9,2.274736548772909
1.407006457825021E9,2.1719691048200125
1.407006463283613E9,2.274736548772909
1.407006468708309E9,4.446705653592922
1.407006473892188E9,0.0
1.407006478972104E9,2.274736548772909
1.407006484320818E9,2.1719691048200125
1.407006489884479E9,0.0
1.407006495315383E9,2.274736548772909
1.407006500595236E9,2.1719691048200125
1.407006505915949E9,2.274736548772909
1.407006511367666E9,0.0
1.407006516642118E9,2.1719691048200125
1.407006521468391E9,2.274736548772909
1.407006527218777E9,0.0
1.407006532634724E9,2.1719691048200125
1.407006537933098E9,2.274736548772909
1.407006543397443E9,2.274736548772909
1.407006548788453E9,4.446705653592922
1.407006554027239E9,0.0
1.40700655914255E9,2.274736548772909
1.407006564590247E9,4.446705653592922
1.407006570407164E9,0.0
1.40700657573497E9,0.0
1.407006581077822E9,4.446705653592922
1.407006586606497E9,0.0
1.407006591716787E9,2.274736548772909
1.407006596984056E9,2.1719691048200125
1.407006602350996E9,2.274736548772909
1.407006607611186E9,2.274736548772909
1.407006612913222E9,2.1719691048200125
1.4070066179935E9,2.274736548772909
1.407006622996012E9,0.0
1.407006628404128E9,2.274736548772909
1.40700663402296E9,2.274736548772909
1.407006639435593E9,2.1719691048200125
1.407006644878508E9,0.0
1.407006649997348E9,0.0
1.407006655330586E9,2.274736548772909
1.407006661800967E9,0.0
1.407006667113479E9,4.446705653592922
1.407006672510179E9,2.274736548772909
1.40700667750055E9,0.0
1.40700668248784E9,4.446705653592922
1.40700668795076E9,0.0
1.407006693049155E9,2.274736548772909
1.407006698429831E9,2.1719691048200125
1.407006703827073E9,2.274736548772909
1.407006709287037E9,0.0
1.407006714897443E9,2.1719691048200125
1.407006720302865E9,0.0
1.407006725328395E9,2.274736548772909
1.407006730603339E9,2.1719691048200125
1.40700673665267E9,0.0
1.40700674200493E9,2.274736548772909
1.40700674863191E9,0.0
1.407006753715221E9,2.1719691048200125
1.407006759066328E9,2.274736548772909
1.407006764292699E9,0.0
1.407006769545243E9,2.1719691048200125
1.407006774740511E9,2.274736548772909
1.40700678001383E9,0.0
1.407006785302084E9,4.446705653592922
1.407006790528717E9,2.274736548772909
1.407006795815678E9,0.0
1.407006801170262E9,4.446705653592922
1.407006806234558E9,2.274736548772909
1.407006811899387E9,2.274736548772909
1.40700681761173E9,2.274736548772909
1.407006822917343E9,0.0
1.407006827942926E9,2.274736548772909
1.40700683312772E9,2.1719691048200125
1.407006838715348E9,2.274736548772909
1.40700684421164E9,4.446705653592922
1.407006849267415E9,2.274736548772909
1.407006854448599E9,2.274736548772909
1.407006859714234E9,4.446705653592922
1.407006864868752E9,0.0
1.407006870247137E9,2.274736548772909
1.407006875724187E9,2.1719691048200125
1.407006881056703E9,2.274736548772909
1.407006886668823E9,4.446705653592922
1.407006891637317E9,0.0
1.407006897180808E9,2.274736548772909
1.407006902260486E9,2.1719691048200125
1.407006907620881E9,0.0
1.407006912706531E9,2.274736548772909
1.407006917890225E9,2.1719691048200125
1.407006923591867E9,2.274736548772909
1.407006928989813E9,0.0
1.40700693418952E9,4.446705653592922
1.407006939606451E9,2.274736548772909
1.407006945278009E9,2.1719691048200125
1.407006950962837E9,0.0
1.407006956667072E9,0.0
1.407006961794945E9,2.1719691048200125
1.407006966987144E9,2.274736548772909
1.407006972555606E9,4.446705653592922
1.407006977786597E9,0.0
1.407006983354657E9,4.446705653592922
1.407006988584434E9,2.274736548772909
1.407006994255958E9,0.0
1.407006999583822E9,0.0
1.407007004759103E9,2.274736548772909
1.407007009863889E9,2.274736548772909
1.407007015719428E9,2.274736548772909
1.407007020999788E9,0.0
1.407007026217266E9,2.274736548772909
1.407007031298104E9,0.0
1.407007037038336E9,0.0
1.407007042899408E9,2.1719691048200125
1.40700704799228E9,2.274736548772909
1.407007053067073E9,0.0
1.407007058623384E9,2.1719691048200125
1.407007063994171E9,2.274736548772909
1.407007069457004E9,0.0
1.407007074812348E9,4.446705653592922
1.407007079988769E9,0.0
1.407007085249609E9,2.274736548772909
1.407007090600069E9,2.274736548772909
1.407007095811494E9,0.0
1.407007101207885E9,2.274736548772909
1.407007106319833E9,0.0
1.407007111866992E9,0.0
1.407007117751633E9,2.1719691048200125
1.407007122973177E9,2.274736548772909
1.407007128153671E9,0.0
1.407007133419677E9,4.446705653592922
1.407007138842238E9,2.274736548772909
1.407007144175197E9,2.274736548772909
1.407007149459728E9,0.0
1.407007154977555E9,0.0
1.407007159818538E9,2.274736548772909
1.407007165175511E9,0.0
1.407007170584569E9,0.0
1.407007176178555E9,2.274736548772909
1.407007181289579E9,0.0
1.407007186544635E9,2.274736548772909
1.407007192016152E9,0.0
1.407007197326556E9,2.274736548772909
1.407007202580928E9,2.274736548772909
1.407007207909892E9,0.0
1.40700721339779E9,2.274736548772909
1.407007218802957E9,2.274736548772909
1.407007223745046E9,0.0
1.407007229014157E9,0.0
1.407007234430629E9,2.274736548772909
1.407007240073206E9,4.446705653592922
1.407007245456524E9,2.274736548772909
1.407007250581811E9,0.0
1.407007255955878E9,4.446705653592922
1.407007261146428E9,0.0
1.407007266281958E9,2.274736548772909
1.407007271689726E9,2.1719691048200125
1.407007276907207E9,2.274736548772909
1.40700728230933E9,0.0
1.407007287911967E9,2.1719691048200125
1.40700729296905E9,2.274736548772909
1.407007298339986E9,0.0
1.407007303676709E9,103.42412033980305
1.407007308522027E9,92.8289817121953
1.407007313765696E9,92.8289817121953
1.407007319725836E9,97.04057671167617
1.407007325313698E9,94.93478177145748
1.407007330922578E9,97.10675087627749
1.407007336279122E9,94.93478177145748
1.407007341957403E9,97.04057671167617
1.407007347773273E9,94.93478177145748
1.407007352617384E9,94.93478177145748
1.407007357625651E9,97.10675087627749
1.407007363067686E9,92.8289817121953
1.407007368635549E9,92.89514563870962
1.40700737397885E9,90.72317653388961
1.407007379166964E9,88.61736623654045
1.407007383978745E9,88.61736623654045
1.407007390104358E9,88.61736623654045
1.407007395675045E9,88.61736623654045
1.407007400515317E9,90.78933534136046
1.407007405757028E9,88.61736623654045
1.407007411168648E9,86.51155082014776
1.407007417530457E9,86.51155082014776
1.407007422512672E9,86.51155082014776
1.407007427547305E9,86.51155082014776
1.407007433096749E9,86.57769938953159
1.407007438899317E9,84.40573028471158
1.407007444122754E9,82.29990463023192
1.407007448986339E9,86.57769938953159
1.407007454277078E9,82.29990463023192
1.407007459577754E9,84.40573028471158
1.407007464835211E9,86.57769938953159
1.407007469942492E9,84.40573028471158
1.407007475379364E9,84.40573028471158
1.407007481193856E9,84.47187373505193
1.407007486453377E9,82.29990463023192
1.407007491554997E9,82.29990463023192
1.407007496621177E9,84.47187373505193
1.407007502415147E9,84.40573028471158
1.407007507889331E9,84.40573028471158
1.407007513086656E9,86.57769938953159
1.40700751829871E9,82.29990463023192
1.407007523876347E9,82.29990463023192
1.407007528847708E9,84.40573028471158
1.407007534245097E9,84.40573028471158
1.407007539703911E9,84.40573028471158
1.407007545022446E9,84.40573028471158
1.407007550431026E9,84.40573028471158
1.407007555672086E9,86.57769938953159
1.407007561061592E9,84.40573028471158
1.407007566377637E9,84.40573028471158
1.407007571667213E9,86.57769938953159
1.407007577000761E9,84.40573028471158
1.407007582329306E9,84.40573028471158
1.407007587609997E9,86.57769938953159
1.407007592514192E9,84.40573028471158
1.407007598130638E9,84.40573028471158
1.407007603564497E9,84.40573028471158
1.407007609197091E9,86.51155082014776
1.40700761457337E9,86.57769938953159
1.407007619702907E9,84.40573028471158
1.407007625194613E9,84.40573028471158
1.407007630435144E9,84.40573028471158
1.407007635853709E9,84.40573028471158
1.407007641239328E9,84.40573028471158
1.40700764678116E9,84.40573028471158
1.40700765161212E9,84.40573028471158
1.407007657034276E9,84.40573028471158
1.407007662352538E9,84.40573028471158
1.407007667505177E9,84.40573028471158
1.407007672342258E9,86.57769938953159
1.407007677896093E9,82.29990463023192
1.407007683461656E9,82.29990463023192
1.407007688533875E9,86.57769938953159
1.407007693897682E9,84.40573028471158
1.407007699272504E9,82.29990463023192
1.407007704616728E9,82.29990463023192
1.407007710051354E9,84.40573028471158
1.407007715454921E9,84.47187373505193
1.407007720799724E9,82.29990463023192
1.407007725927047E9,82.29990463023192
1.40700773136926E9,82.29990463023192
1.407007736267841E9,80.19407385670875
1.407007741751989E9,84.47187373505193
1.407007747107149E9,82.29990463023192
1.40700775237394E9,82.29990463023192
1.407007757593258E9,84.47187373505193
1.407007763118012E9,80.19407385670875
1.407007768295119E9,80.19407385670875
1.407007773542352E9,84.47187373505193
1.40700777864009E9,80.19407385670875
1.407007783918803E9,82.29990463023192
1.40700778930293E9,80.19407385670875
1.407007794785207E9,80.19407385670875
1.407007800111327E9,80.19407385670875
1.407007805334065E9,80.19407385670875
1.407007810757723E9,82.36604296152876
1.407007816097399E9,80.19407385670875
1.407007821434494E9,80.19407385670875
1.407007828254327E9,80.19407385670875
1.407007833679942E9,80.19407385670875
1.407007839563424E9,80.19407385670875
1.40700784505609E9,80.19407385670875
1.407007850302528E9,78.0882379641421
1.407007855429214E9,80.19407385670875
1.407007860792719E9,78.0882379641421
1.407007865884251E9,82.36604296152876
1.40700787144369E9,80.19407385670875
1.407007876952309E9,78.0882379641421
1.40700788234722E9,78.0882379641421
1.407007887549465E9,80.19407385670875
1.407007892975003E9,82.36604296152876
1.407007898474316E9,78.0882379641421
1.407007903317517E9,80.19407385670875
1.407007908577989E9,82.36604296152876
1.407007914288237E9,78.0882379641421
1.407007920022656E9,80.19407385670875
1.407007924866061E9,80.2602070689621
1.407007930319046E9,78.0882379641421
1.407007935786527E9,80.19407385670875
1.407007941157751E9,82.36604296152876
1.407007946367502E9,0.0
1.407007951606981E9,0.0
1.407007956893502E9,4.446705653592922
1.407007962396605E9,0.0
1.40700796778101E9,0.0
1.407007973139484E9,4.446705653592922
1.407007978554103E9,2.274736548772909
1.407007983833389E9,0.0
1.407007988728736E9,4.446705653592922
1.407007994261503E9,0.0
1.407007999673017E9,2.274736548772909
1.407008005381031E9,0.0
1.407008010634424E9,0.0
1.407008015864744E9,4.446705653592922
1.40700802168871E9,2.274736548772909
1.407008026654537E9,0.0
1.407008031606273E9,4.446705653592922
1.407008036863507E9,0.0
1.40700804269885E9,2.1719691048200125
1.407008048411267E9,2.274736548772909
1.407008053645042E9,2.274736548772909
1.407008058862048E9,4.446705653592922
1.407008064069632E9,0.0
1.407008069535915E9,0.0
1.40700807505763E9,4.446705653592922
1.407008080538557E9,2.274736548772909
1.407008086033098E9,2.1719691048200125
1.407008091484923E9,0.0
1.407008096545945E9,0.0
1.407008101724532E9,4.446705653592922
1.407008107063491E9,0.0
1.407008112247606E9,2.274736548772909
1.40700811778992E9,4.446705653592922
1.407008123038867E9,0.0
1.407008128547683E9,0.0
1.407008133668956E9,4.446705653592922
1.407008139233032E9,0.0
1.407008144670849E9,0.0
1.407008150008394E9,2.1719691048200125
1.407008155095941E9,2.274736548772909
1.40700816028934E9,2.1719691048200125
1.407008166847767E9,0.0
1.407008172305949E9,0.0
1.407008177859019E9,0.0
1.40700818308297E9,2.274736548772909
1.407008188456306E9,4.446705653592922
1.407008193779908E9,0.0
1.407008199036194E9,2.274736548772909
1.407008204207933E9,0.0
1.407008209770783E9,0.0
1.407008214973129E9,0.0
1.407008220339909E9,4.446705653592922
1.407008225514444E9,2.274736548772909
1.407008230870746E9,0.0
1.407008236162489E9,2.274736548772909
1.407008241945104E9,2.274736548772909
1.407008247267428E9,0.0
1.407008252417451E9,2.274736548772909
1.407008257335328E9,0.0
1.407008262554153E9,2.274736548772909
1.407008268266791E9,2.1719691048200125
1.407008273715425E9,0.0
1.407008278845477E9,2.274736548772909
1.407008283961329E9,2.1719691048200125
1.407008289514951E9,2.274736548772909
1.407008295270508E9,2.274736548772909
1.407008300357251E9,0.0
1.407008305743402E9,0.0
1.407008310890069E9,2.274736548772909
1.407008316080391E9,0.0
1.407008321208684E9,2.274736548772909
1.407008326475177E9,4.446705653592922
1.407008331548063E9,0.0
1.407008336933636E9,2.274736548772909
1.407008342448195E9,0.0
1.407008347822541E9,2.274736548772909
1.407008352729841E9,0.0
1.407008357992715E9,2.274736548772909
1.407008363392266E9,0.0
1.407008369267058E9,0.0
1.407008374460036E9,2.1719691048200125
1.407008379459722E9,2.274736548772909
1.407008384701423E9,0.0
1.407008390143784E9,4.446705653592922
1.407008395801653E9,2.274736548772909
1.407008400795343E9,0.0
1.407008406097522E9,4.446705653592922
1.407008411668465E9,0.0
1.407008417573608E9,2.274736548772909
1.407008422525236E9,2.274736548772909
1.407008428086164E9,0.0
1.407008433877345E9,0.0
1.407008439804979E9,0.0
1.407008444730452E9,2.274736548772909
1.407008449944747E9,2.274736548772909
1.407008455368192E9,2.1719691048200125
1.407008461451618E9,2.274736548772909
1.407008466335621E9,0.0
1.407008471534577E9,4.446705653592922
1.407008476650057E9,0.0
1.407008482046191E9,2.274736548772909
1.40700848735291E9,2.1719691048200125
1.407008492640447E9,2.1719691048200125
1.40700849803811E9,0.0
1.407008503604702E9,2.1719691048200125
1.407008508967101E9,2.274736548772909
1.407008514063907E9,0.0
1.407008519130241E9,2.274736548772909
1.407008524710585E9,4.446705653592922
1.407008530513862E9,2.274736548772909
1.407008535644949E9,0.0
1.407008540766776E9,0.0
1.407008546115021E9,2.274736548772909
1.407008551782863E9,4.446705653592922
1.407008556943113E9,2.1719691048200125
1.407008561922597E9,2.274736548772909
1.407008567362329E9,0.0
1.407008572398722E9,4.446705653592922
1.407008578010469E9,0.0
1.407008583563873E9,0.0
1.407008589268685E9,4.446705653592922
1.40700859429179E9,2.274736548772909
1.407008599637195E9,2.1719691048200125
1.407008604965806E9,2.274736548772909
1.40700861033409E9,2.274736548772909
1.407008615550107E9,4.446705653592922
1.407008620814669E9,0.0
1.407008626108977E9,2.274736548772909
1.407008631486978E9,0.0
1.40700863725923E9,0.0
1.407008642418796E9,4.446705653592922
1.407008647678863E9,0.0
1.40700865298594E9,2.274736548772909
1.407008658426703E9,2.1719691048200125
1.40700866364454E9,2.1719691048200125
1.407008668986072E9,2.274736548772909
1.407008674763966E9,2.1719691048200125
1.407008680311748E9,0.0
1.407008685540494E9,2.274736548772909
1.407008690720571E9,2.1719691048200125
1.407008696172032E9,2.274736548772909
1.407008701921131E9,2.274736548772909
1.407008707228515E9,2.1719691048200125
1.407008712392273E9,0.0
1.407008717808486E9,0.0
1.407008723447066E9,2.274736548772909
1.407008728799941E9,2.274736548772909
1.407008734177283E9,0.0
1.407008739669599E9,2.274736548772909
1.407008745198814E9,0.0
1.407008750839206E9,0.0
1.407008755986524E9,2.274736548772909
1.407008761394312E9,2.1719691048200125
1.407008766807639E9,0.0
1.407008772028309E9,2.274736548772909
1.407008776861493E9,2.274736548772909
1.40700878249397E9,0.0
1.407008788152803E9,0.0
1.407008793578849E9,0.0
1.40700879843906E9,2.274736548772909
1.407008804087847E9,2.274736548772909
1.407008809823458E9,2.274736548772909
1.407008815208565E9,0.0
1.407008820235217E9,4.446705653592922
1.407008825417633E9,2.274736548772909
1.407008831090411E9,0.0
1.40700883633293E9,4.446705653592922
1.407008841571238E9,0.0
1.407008846713498E9,2.274736548772909
1.407008852403637E9,0.0
1.407008857729437E9,0.0
1.407008862986191E9,2.274736548772909
1.407008867902752E9,0.0
1.407008873977644E9,2.274736548772909
1.407008879345353E9,2.274736548772909
1.407008884620068E9,2.1719691048200125
1.407008889665555E9,2.274736548772909
1.407008895590723E9,2.1719691048200125
1.407008901065066E9,0.0
1.407008906557551E9,0.0
1.407008911813402E9,2.1719691048200125
1.407008917332912E9,2.274736548772909
1.407008922472167E9,2.274736548772909
1.407008927652958E9,2.1719691048200125
1.407008933759477E9,0.0
1.407008939357214E9,2.274736548772909
1.40700894441297E9,0.0
1.407008949270798E9,2.274736548772909
1.407008954687763E9,2.1719691048200125
1.407008960201317E9,2.274736548772909
1.407008965404824E9,0.0
1.407008970534344E9,2.1719691048200125
1.40700897556486E9,2.274736548772909
1.407008981174416E9,0.0
1.407008986461989E9,2.274736548772909
1.407008991573602E9,0.0
1.407008996882111E9,2.274736548772909
1.407009002582286E9,2.274736548772909
1.407009008108306E9,0.0
1.40700901302733E9,2.274736548772909
1.407009018045967E9,2.1719691048200125
1.407009023723832E9,2.274736548772909
1.407009029935304E9,2.274736548772909
1.407009035403374E9,0.0
1.407009040556702E9,2.1719691048200125
1.407009045887188E9,2.274736548772909
1.407009051227567E9,0.0
1.407009056446982E9,2.1719691048200125
1.407009061701794E9,2.274736548772909
1.407009066710894E9,2.274736548772909
1.407009072496925E9,2.1719691048200125
1.407009077979259E9,0.0
1.407009083134723E9,2.274736548772909
1.40700908843943E9,2.1719691048200125
1.407009093808959E9,0.0
1.407009099744242E9,0.0
1.407009104915169E9,2.1719691048200125
1.407009110051101E9,2.274736548772909
1.407009115335032E9,0.0
1.40700912071608E9,2.1719691048200125
1.407009126043914E9,2.274736548772909
1.407009131271934E9,2.1719691048200125
1.407009136593435E9,2.274736548772909
1.407009141733777E9,0.0
1.407009147029306E9,2.274736548772909
1.407009152317705E9,0.0
1.407009157836641E9,0.0
1.40700916326326E9,2.1719691048200125
1.407009168335746E9,2.274736548772909
1.407009173409291E9,0.0
1.407009178862302E9,2.1719691048200125
1.407009184410508E9,2.274736548772909
1.407009189626886E9,2.274736548772909
1.407009194853643E9,2.1719691048200125
1.407009200098511E9,2.274736548772909
1.407009205197521E9,0.0
1.407009210301429E9,4.446705653592922
1.40700921621959E9,2.274736548772909
1.407009221867448E9,2.274736548772909
1.40700922721275E9,2.1719691048200125
1.40700923203963E9,2.274736548772909
1.407009237595957E9,2.274736548772909
1.407009243084355E9,2.1719691048200125
1.407009248261097E9,2.274736548772909
1.407009253530489E9,0.0
1.407009258736909E9,4.446705653592922
1.407009264079304E9,0.0
1.407009269356583E9,4.446705653592922
1.407009274666754E9,2.274736548772909
1.407009280092982E9,0.0
1.407009285303078E9,2.274736548772909
1.407009290581094E9,2.274736548772909
1.407009295533525E9,0.0
1.407009301750633E9,0.0
1.407009307293811E9,2.274736548772909
1.407009312380192E9,2.1719691048200125
1.407009317435886E9,0.0
1.407009322894417E9,2.274736548772909
1.407009328521764E9,2.274736548772909
1.407009333878559E9,0.0
1.407009338952128E9,2.274736548772909
1.407009344126911E9,0.0
1.407009349564302E9,0.0
1.407009354555215E9,4.446705653592922
1.407009359864491E9,0.0
1.407009365492594E9,4.446705653592922
1.407009370969661E9,2.274736548772909
1.407009376238898E9,0.0
1.407009381508284E9,0.0
1.407009386899115E9,2.274736548772909
1.407009392161521E9,0.0
1.407009397518128E9,0.0
1.407009402549415E9,2.274736548772909
1.407009407993279E9,2.1719691048200125
1.407009413308362E9,2.274736548772909
1.407009418231863E9,2.274736548772909
1.407009423540796E9,2.1719691048200125
1.407009428741064E9,2.274736548772909
1.407009434198829E9,0.0
1.407009439344471E9,2.274736548772909
1.407009444588866E9,2.274736548772909
1.407009450047453E9,0.0
1.407009455301671E9,4.446705653592922
1.407009460632592E9,2.274736548772909
1.407009465932822E9,0.0
1.407009471153446E9,2.274736548772909
1.407009476215192E9,0.0
1.407009481671186E9,2.1719691048200125
1.407009486814275E9,2.274736548772909
1.40700949213944E9,0.0
1.407009497340575E9,2.1719691048200125
1.407009502735339E9,0.0
1.407009508201431E9,4.446705653592922
1.407009513367721E9,0.0
1.407009518766541E9,2.274736548772909
1.407009523857122E9,2.1719691048200125
1.407009529630568E9,2.274736548772909
1.407009534749969E9,0.0
1.40700954005976E9,4.446705653592922
1.407009545440322E9,0.0
1.407009550897789E9,0.0
1.40700955599535E9,2.274736548772909
1.407009560914513E9,0.0
1.407009566686406E9,2.1719691048200125
1.407009572410596E9,2.274736548772909
1.407009577719549E9,2.274736548772909
1.407009582794969E9,2.1719691048200125
1.407009587999447E9,2.274736548772909
1.407009593553801E9,2.274736548772909
1.407009598868482E9,2.1719691048200125
1.407009604288904E9,2.274736548772909
1.407009609768787E9,2.274736548772909
1.407009615500426E9,0.0
1.407009620750703E9,0.0
1.407009626056523E9,4.446705653592922
1.40700963089781E9,0.0
1.407009636639564E9,2.274736548772909
1.407009642341162E9,4.446705653592922
1.407009647664509E9,2.274736548772909
1.407009652677875E9,2.1719691048200125
1.407009657968762E9,2.274736548772909
1.407009663376739E9,0.0
1.40700966856749E9,2.1719691048200125
1.407009674034093E9,2.274736548772909
1.407009679319115E9,2.1719691048200125
1.407009684580318E9,0.0
1.407009690109067E9,2.274736548772909
1.407009695425835E9,2.1719691048200125
1.407009700661655E9,0.0
1.407009706144619E9,2.274736548772909
1.407009712681102E9,2.274736548772909
1.407009717934658E9,0.0
1.407009723097701E9,4.446705653592922
1.407009728205942E9,0.0
1.407009733714533E9,2.1719691048200125
1.407009739521907E9,2.274736548772909
1.407009744925635E9,4.446705653592922
1.407009750047125E9,0.0
1.40700975514652E9,2.274736548772909
1.4070097606162E9,4.446705653592922
1.407009765656474E9,0.0
1.407009770910982E9,2.274736548772909
1.407009776207194E9,0.0
1.407009781610047E9,0.0
1.407009786876279E9,2.274736548772909
1.407009792183562E9,2.1719691048200125
1.407009797736999E9,99.14636653285136
1.407009803045123E9,92.8289817121953
1.407009808015035E9,95.00095081701531
1.407009813442649E9,94.93478177145748
1.407009818937301E9,99.21254581649617
1.407009824372868E9,94.93478177145748
1.407009829690352E9,94.93478177145748
1.407009835160927E9,94.93478177145748
1.407009840573983E9,92.8289817121953
1.407009845709732E9,95.00095081701531
1.407009851148077E9,94.93478177145748
1.40700985649002E9,95.00095081701531
1.407009862221667E9,90.72317653388961
1.407009867904338E9,90.72317653388961
1.407009873373903E9,88.61736623654045
1.407009878211845E9,88.61736623654045
1.40700988361691E9,88.61736623654045
1.407009889175448E9,88.68351992496777
1.407009894619045E9,86.51155082014776
1.40700989991672E9,88.68351992496777
1.407009905303398E9,86.51155082014776
1.407009910619703E9,86.51155082014776
1.407009915992669E9,86.57769938953159
1.407009921229672E9,84.40573028471158
1.407009926691269E9,84.40573028471158
1.407009932087806E9,86.57769938953159
1.407009937207327E9,82.29990463023192
1.407009942508884E9,86.57769938953159
1.407009947890457E9,82.29990463023192
1.407009953256077E9,82.29990463023192
1.407009958730808E9,86.57769938953159
1.407009964175166E9,84.40573028471158
1.407009969554158E9,84.47187373505193
1.407009974887261E9,84.40573028471158
1.407009980206974E9,82.29990463023192
1.407009985424214E9,84.47187373505193
1.407009990965636E9,82.29990463023192
1.407009996948424E9,84.47187373505193
1.407010002268058E9,86.57769938953159
1.407010007210175E9,82.29990463023192
1.407010012439235E9,86.57769938953159
1.407010017867613E9,84.40573028471158
1.407010023692257E9,84.40573028471158
1.407010028998692E9,84.40573028471158
1.407010034151153E9,82.29990463023192
1.407010039406862E9,84.47187373505193
1.407010045514157E9,82.29990463023192
1.407010050577428E9,84.47187373505193
1.407010055604908E9,84.40573028471158
1.407010061270691E9,82.29990463023192
1.407010066905544E9,86.57769938953159
1.407010072440222E9,84.40573028471158
1.407010077525634E9,84.40573028471158
1.407010082779265E9,86.57769938953159
1.407010088081443E9,82.29990463023192
1.40701009349142E9,86.57769938953159
1.407010098796062E9,82.29990463023192
1.407010104072409E9,84.40573028471158
1.407010109457024E9,82.29990463023192
1.407010114805321E9,84.40573028471158
1.407010120176083E9,84.40573028471158
1.407010125280343E9,86.57769938953159
1.407010130373432E9,84.40573028471158
1.40701013586276E9,86.57769938953159
1.40701014119845E9,84.40573028471158
1.407010146590806E9,86.57769938953159
1.407010151923573E9,84.40573028471158
1.407010157032742E9,84.40573028471158
1.407010162135653E9,84.40573028471158
1.407010167614748E9,84.40573028471158
1.407010173139459E9,84.40573028471158
1.407010178073757E9,84.47187373505193
1.407010183682502E9,82.29990463023192
1.407010189118345E9,86.57769938953159
1.407010194461643E9,82.29990463023192
1.407010199770482E9,84.40573028471158
1.40701020520086E9,86.57769938953159
1.407010210601608E9,82.29990463023192
1.407010215703045E9,84.47187373505193
1.407010221126715E9,82.29990463023192
1.407010226698632E9,84.47187373505193
1.40701023214374E9,82.29990463023192
1.40701023729311E9,84.47187373505193
1.407010242569209E9,82.29990463023192
1.40701024816415E9,82.29990463023192
1.407010253340718E9,80.19407385670875
1.407010258661482E9,82.29990463023192
1.407010264050353E9,82.29990463023192
1.407010269431417E9,82.29990463023192
1.407010274529123E9,82.29990463023192
1.407010279673353E9,82.36604296152876
1.407010284922904E9,80.19407385670875
1.407010290338125E9,80.19407385670875
1.407010296907093E9,80.19407385670875
1.407010302455965E9,82.36604296152876
1.40701030787231E9,80.19407385670875
1.40701031320102E9,80.19407385670875
1.407010318311532E9,82.29990463023192
1.407010323538433E9,80.19407385670875
1.407010328845471E9,80.19407385670875
1.407010334227989E9,84.47187373505193
1.407010339664541E9,80.19407385670875
1.407010344976114E9,80.19407385670875
1.407010350377167E9,82.29990463023192
1.407010355486145E9,80.19407385670875
1.407010360804672E9,80.19407385670875
1.407010366055301E9,80.19407385670875
1.407010372673893E9,82.36604296152876
1.407010378003352E9,80.19407385670875
1.40701038314546E9,80.2602070689621
1.407010388596736E9,80.19407385670875
1.407010394167978E9,80.19407385670875
1.407010399363252E9,78.0882379641421
1.40701040495049E9,78.0882379641421
1.407010410344846E9,80.2602070689621
1.407010415627334E9,80.19407385670875
1.407010421017497E9,80.19407385670875
1.407010426490647E9,78.0882379641421
1.407010431834937E9,80.19407385670875
1.407010437136503E9,78.0882379641421
1.407010442464251E9,80.19407385670875
1.407010448042546E9,78.0882379641421
1.407010453583362E9,80.19407385670875
1.407010458708694E9,80.19407385670875
1.407010463861189E9,78.0882379641421
1.407010469050102E9,80.2602070689621
1.407010475175773E9,80.19407385670875
1.407010480296893E9,78.0882379641421
1.407010485396122E9,80.19407385670875
1.407010490238727E9,78.0882379641421
1.407010495809269E9,82.36604296152876
1.407010501783148E9,44.394167493159806
1.407010507144752E9,2.274736548772909
1.407010512309938E9,0.0
1.407010517467004E9,0.0
1.407010523078522E9,4.446705653592922
1.407010528399055E9,0.0
1.407010533754431E9,0.0
1.407010539116978E9,0.0
1.407010544660223E9,0.0
1.407010549967097E9,4.446705653592922
1.407010555103793E9,0.0
1.407010560257385E9,2.274736548772909
1.407010565801605E9,2.274736548772909
1.407010571380263E9,0.0
1.407010576849731E9,0.0
1.407010583429248E9,2.1719691048200125
1.407010588827416E9,0.0
1.407010594338557E9,2.274736548772909
1.407010599547142E9,2.274736548772909
1.407010604650872E9,0.0
1.407010609837203E9,2.274736548772909
1.407010615279525E9,2.1719691048200125
1.407010620638692E9,0.0
1.407010625752087E9,2.274736548772909
1.407010630926604E9,2.1719691048200125
1.407010635862769E9,2.274736548772909
1.407010641137438E9,0.0
1.407010646599996E9,4.446705653592922
1.407010652745507E9,0.0
1.407010658004825E9,2.274736548772909
1.407010663008693E9,2.1719691048200125
1.407010668344993E9,2.274736548772909
1.407010674106024E9,2.274736548772909
1.407010679290166E9,2.274736548772909
1.407010684792931E9,0.0
1.407010690026615E9,2.274736548772909
1.40701069548186E9,2.1719691048200125
1.407010701094769E9,0.0
1.407010706010517E9,2.1719691048200125
1.407010711019997E9,0.0
1.407010716755135E9,4.446705653592922
1.407010722553934E9,0.0
1.407010727975291E9,2.274736548772909
1.407010733139579E9,0.0
1.407010738729287E9,0.0
1.407010744553914E9,2.1719691048200125
1.407010749878759E9,2.274736548772909
1.40701075522512E9,0.0
1.407010760562622E9,0.0
1.407010766134153E9,2.274736548772909
1.407010771428809E9,2.1719691048200125
1.407010776657331E9,0.0
1.407010782042075E9,2.274736548772909
1.40701078789537E9,4.446705653592922
1.407010793471932E9,0.0
1.407010798677082E9,0.0
1.407010803824079E9,4.446705653592922
1.407010809146678E9,0.0
1.407010814017903E9,2.274736548772909
1.4070108193557E9,0.0
1.407010824486082E9,2.274736548772909
1.407010830117655E9,2.274736548772909
1.40701083567635E9,2.274736548772909
1.407010840991653E9,0.0
1.407010846491368E9,2.274736548772909
1.407010851774782E9,2.274736548772909
1.407010857465482E9,0.0
1.407010863041024E9,0.0
1.407010868485421E9,4.446705653592922
1.407010873854103E9,0.0
1.407010879274438E9,2.274736548772909
1.407010884682112E9,4.446705653592922
1.40701088961734E9,0.0
1.407010894994315E9,2.274736548772909
1.407010900474878E9,2.1719691048200125
1.407010905912403E9,0.0
1.407010911072846E9,2.274736548772909
1.407010916288569E9,2.1719691048200125
1.407010921900141E9,0.0
1.407010927494685E9,4.446705653592922
1.407010932810228E9,0.0
1.407010938204473E9,2.274736548772909
1.407010943450229E9,0.0
1.407010948917867E9,0.0
1.407010954199682E9,4.446705653592922
1.407010959502902E9,2.274736548772909
1.407010965065465E9,0.0
1.40701097056206E9,0.0
1.40701097600332E9,0.0
1.407010981415324E9,4.446705653592922
1.407010986722737E9,2.274736548772909
1.407010992075373E9,0.0
1.407010997663707E9,2.1719691048200125
1.407011002780322E9,2.274736548772909
1.407011007873571E9,2.274736548772909
1.407011012876683E9,0.0
1.407011018151798E9,2.274736548772909
1.407011025120246E9,2.1719691048200125
1.407011030673191E9,2.274736548772909
1.407011036025798E9,0.0
1.407011041126336E9,4.446705653592922
1.407011046461525E9,2.274736548772909
1.407011051703707E9,0.0
1.407011056984906E9,4.446705653592922
1.407011062291445E9,0.0
1.407011067582949E9,2.1719691048200125
1.407011073004877E9,2.274736548772909
1.407011078159124E9,2.274736548772909
1.40701108357175E9,4.446705653592922
1.407011088780421E9,0.0
1.40701109431148E9,2.274736548772909
1.40701109966835E9,4.446705653592922
1.40701110556496E9,2.274736548772909
1.407011110595259E9,2.274736548772909
1.407011115565779E9,0.0
1.407011120890556E9,2.274736548772909
1.407011126647089E9,2.1719691048200125
1.407011132207677E9,0.0
1.407011137308951E9,2.274736548772909
1.407011142168918E9,2.1719691048200125
1.407011147462196E9,2.274736548772909
1.407011153063824E9,0.0
1.407011158756378E9,2.1719691048200125
1.40701116387789E9,2.274736548772909
1.407011169254442E9,0.0
1.407011174782671E9,2.1719691048200125
1.407011179872415E9,2.274736548772909
1.407011185361124E9,0.0
1.407011190890602E9,2.1719691048200125
1.407011196207175E9,2.274736548772909
1.407011201680774E9,4.446705653592922
1.407011207013599E9,2.1719691048200125
1.407011212166802E9,2.274736548772909
1.407011217324458E9,0.0
1.407011222816851E9,2.274736548772909
1.407011228301166E9,0.0
1.407011233554992E9,2.1719691048200125
1.407011238851534E9,2.274736548772909
1.407011243930906E9,0.0
1.407011249262096E9,4.446705653592922
1.407011254646762E9,0.0
1.407011259876526E9,0.0
1.407011264970198E9,2.1719691048200125
1.407011270676824E9,2.274736548772909
1.407011276266418E9,4.446705653592922
1.407011281901779E9,2.274736548772909
1.407011287083186E9,0.0
1.407011292420048E9,2.274736548772909
1.407011297781031E9,2.274736548772909
1.407011302771502E9,2.1719691048200125
1.40701130771433E9,2.274736548772909
1.407011313342184E9,0.0
1.407011320649752E9,0.0
1.40701132575643E9,0.0
1.407011330834819E9,4.446705653592922
1.407011336093483E9,0.0
1.407011341603123E9,0.0
1.407011346555249E9,4.446705653592922
1.407011351878416E9,0.0
1.407011357465719E9,2.274736548772909
1.407011362966039E9,4.446705653592922
1.407011368399093E9,2.274736548772909
1.407011373804358E9,2.274736548772909
1.407011379104724E9,2.1719691048200125
1.407011384366411E9,2.274736548772909
1.407011389834986E9,4.446705653592922
1.407011395072665E9,0.0
1.407011401829311E9,4.446705653592922
1.407011407060774E9,0.0
1.407011412419416E9,2.274736548772909
1.4070114177819E9,4.446705653592922
1.407011423272548E9,0.0
1.407011428421053E9,2.274736548772909
1.407011433790335E9,4.446705653592922
1.407011439005632E9,0.0
1.407011444159823E9,2.274736548772909
1.407011449641158E9,4.446705653592922
1.407011455015902E9,0.0
1.407011460418328E9,2.274736548772909
1.407011465782713E9,2.274736548772909
1.407011471157348E9,0.0
1.40701147802747E9,2.274736548772909
1.407011483133503E9,0.0
1.407011488322658E9,2.274736548772909
1.407011493521695E9,0.0
1.407011498815484E9,2.274736548772909
1.407011504419687E9,2.1719691048200125
1.407011509536337E9,2.274736548772909
1.407011514374223E9,2.274736548772909
1.407011519628007E9,2.1719691048200125
1.407011525848703E9,2.274736548772909
1.407011531725545E9,2.1719691048200125
1.407011536604748E9,2.274736548772909
1.407011541860644E9,0.0
1.407011547236126E9,2.274736548772909
1.407011552741867E9,2.274736548772909
1.407011558060996E9,0.0
1.407011563029522E9,4.446705653592922
1.407011568492213E9,0.0
1.407011573727933E9,2.274736548772909
1.40701157944751E9,2.274736548772909
1.407011584508102E9,0.0
1.407011589754328E9,2.274736548772909
1.407011595252142E9,2.1719691048200125
1.407011600666674E9,0.0
1.407011605814104E9,2.274736548772909
1.40701161104473E9,2.1719691048200125
1.407011616375089E9,2.274736548772909
1.407011621896682E9,4.446705653592922
1.407011627184559E9,0.0
1.407011632398849E9,4.446705653592922
1.407011637764497E9,2.274736548772909
1.407011643369255E9,2.274736548772909
1.407011648469086E9,4.446705653592922
1.407011653914152E9,0.0
1.407011659375848E9,2.274736548772909
1.407011664678262E9,2.274736548772909
1.407011670211666E9,0.0
1.407011675243069E9,2.274736548772909
1.407011680461857E9,2.1719691048200125
1.407011685576537E9,0.0
1.407011691276802E9,0.0
1.407011696520884E9,2.1719691048200125
1.407011701539685E9,2.274736548772909
1.407011706734533E9,0.0
1.407011711887028E9,2.274736548772909
1.407011717633672E9,0.0
1.407011723347093E9,2.274736548772909
1.40701172857075E9,4.446705653592922
1.407011733879477E9,0.0
1.407011739196881E9,2.274736548772909
1.407011744531118E9,0.0
1.407011749716125E9,0.0
1.407011755013915E9,2.274736548772909
1.407011760557271E9,0.0
1.407011765971573E9,0.0
1.407011771162986E9,2.274736548772909
1.407011776484687E9,0.0
1.407011781704628E9,2.274736548772909
1.407011786978677E9,0.0
1.407011792339317E9,4.446705653592922
1.407011798065595E9,2.274736548772909
1.407011803593092E9,4.446705653592922
1.407011808637451E9,2.274736548772909
1.407011813881483E9,0.0
1.407011819107965E9,2.274736548772909
1.407011824458463E9,0.0
1.407011829751065E9,0.0
1.407011835010148E9,2.274736548772909
1.407011840618232E9,0.0
1.407011846041699E9,0.0
1.407011851064907E9,4.446705653592922
1.407011856359882E9,2.274736548772909
1.407011861460268E9,0.0
1.407011867143596E9,2.1719691048200125
1.407011872717338E9,0.0
1.407011877833823E9,2.274736548772909
1.407011882764274E9,2.1719691048200125
1.407011888126383E9,0.0
1.407011893225042E9,2.274736548772909
1.407011898769123E9,2.274736548772909
1.40701190404172E9,0.0
1.407011909280433E9,2.274736548772909
1.407011914562968E9,2.274736548772909
1.407011919669188E9,2.274736548772909
1.407011924997767E9,0.0
1.40701193051195E9,2.274736548772909
1.407011935812738E9,2.274736548772909
1.407011940761415E9,0.0
1.407011946162424E9,2.274736548772909
1.407011951782543E9,2.274736548772909
1.407011957642952E9,0.0
1.407011963205515E9,2.274736548772909
1.407011968038158E9,0.0
1.407011973246838E9,4.446705653592922
1.407011978317803E9,0.0
1.407011983587865E9,0.0
1.407011989143359E9,2.1719691048200125
1.407011994359002E9,2.274736548772909
1.407011999536384E9,4.446705653592922
1.407012004568506E9,0.0
1.407012009645726E9,2.274736548772909
1.407012015061012E9,2.1719691048200125
1.407012020367864E9,2.274736548772909
1.407012025610112E9,2.274736548772909
1.407012030865917E9,4.446705653592922
1.407012036239484E9,0.0
1.407012041596705E9,0.0
1.407012047235423E9,4.446705653592922
1.407012052444059E9,0.0
1.40701205786199E9,0.0
1.40701206323636E9,4.446705653592922
1.407012068340693E9,0.0
1.40701207363179E9,2.274736548772909
1.407012078972556E9,2.1719691048200125
1.407012084559693E9,2.274736548772909
1.407012089900922E9,4.446705653592922
1.407012094863188E9,0.0
1.407012100404741E9,2.274736548772909
1.407012106132569E9,4.446705653592922
1.407012111478916E9,0.0
1.407012116927562E9,0.0
1.407012122514257E9,2.274736548772909
1.407012128515063E9,2.274736548772909
1.40701213353099E9,2.1719691048200125
1.407012140107357E9,2.274736548772909
1.407012145573458E9,4.446705653592922
1.407012151100034E9,2.274736548772909
1.407012156331391E9,2.1719691048200125
1.40701216130121E9,2.1719691048200125
1.407012166646846E9,2.274736548772909
1.407012172421382E9,0.0
1.407012177334621E9,4.446705653592922
1.407012182877015E9,2.274736548772909
1.407012188002515E9,2.274736548772909
1.407012194735503E9,0.0
1.407012200278665E9,2.274736548772909
1.407012205918654E9,2.274736548772909
1.407012210991055E9,0.0
1.407012216408905E9,4.446705653592922
1.407012221721998E9,2.274736548772909
1.407012227187007E9,0.0
1.407012232556445E9,4.446705653592922
1.407012237910813E9,2.274736548772909
1.407012243501508E9,2.274736548772909
1.407012249040486E9,4.446705653592922
1.407012254436625E9,0.0
1.407012259786068E9,0.0
1.407012264776403E9,4.446705653592922
1.407012270371068E9,0.0
1.407012275697527E9,0.0
1.407012281506374E9,2.274736548772909
1.407012286489057E9,2.274736548772909
1.407012291862441E9,2.1719691048200125
1.407012297171959E9,2.274736548772909
1.407012302434683E9,2.1719691048200125
1.407012307647186E9,4.446705653592922
1.407012312800589E9,0.0
1.407012318041585E9,2.274736548772909
1.407012324408034E9,2.274736548772909
1.407012329297421E9,2.274736548772909
1.407012334529932E9,2.1719691048200125
1.407012341012387E9,0.0
1.407012346943025E9,2.1719691048200125
1.407012351935227E9,0.0
1.407012356926998E9,2.274736548772909
1.407012362385296E9,0.0
1.407012367925101E9,0.0
1.407012373346724E9,4.446705653592922
1.407012378867488E9,2.274736548772909
1.407012384293434E9,0.0
1.407012389765426E9,0.0
1.407012395063935E9,0.0
1.407012400233125E9,2.274736548772909
1.407012405763204E9,2.274736548772909
1.407012411287616E9,0.0
1.407012416308335E9,103.42412033980305
1.407012421314992E9,92.8289817121953
1.407012426814356E9,92.8289817121953
1.407012432698063E9,97.10675087627749
1.407012437866585E9,97.04057671167617
1.40701244309162E9,94.93478177145748
1.407012448719887E9,94.93478177145748
1.407012454263892E9,94.93478177145748
1.407012459210967E9,97.10675087627749
1.407012464724299E9,92.8289817121953
1.40701247019883E9,94.93478177145748
1.407012476096469E9,92.8289817121953
1.407012481060752E9,95.00095081701531
1.407012485981978E9,90.72317653388961
1.407012491343432E9,88.61736623654045
1.407012496971373E9,90.78933534136046
1.407012502620773E9,88.61736623654045
1.407012507671835E9,88.61736623654045
1.407012512710904E9,88.68351992496777
1.407012518181278E9,86.51155082014776
1.407012523951802E9,86.51155082014776
1.407012529250586E9,84.40573028471158
1.407012534340014E9,84.40573028471158
1.407012539864447E9,86.57769938953159
1.407012545196987E9,84.40573028471158
1.407012550433569E9,84.40573028471158
1.407012556989424E9,84.40573028471158
1.407012562158169E9,84.40573028471158
1.40701256742579E9,86.57769938953159
1.407012572857337E9,82.29990463023192
1.407012578338532E9,84.40573028471158
1.407012583692715E9,86.57769938953159
1.407012588951412E9,82.29990463023192
1.407012594386273E9,82.29990463023192
1.407012599462676E9,86.57769938953159
1.407012605025605E9,82.29990463023192
1.407012610658149E9,82.29990463023192
1.407012616046807E9,86.57769938953159
1.407012621702825E9,84.40573028471158
1.407012626599539E9,84.47187373505193
1.407012632014425E9,84.47187373505193
1.407012637139528E9,84.40573028471158
1.407012642606421E9,84.47187373505193
1.407012648006297E9,82.29990463023192
1.407012653507341E9,82.29990463023192
1.407012658598883E9,84.47187373505193
1.40701266387357E9,84.40573028471158
1.407012669150129E9,84.40573028471158
1.407012674758575E9,84.40573028471158
1.407012679641613E9,84.40573028471158
1.407012684906482E9,82.29990463023192
1.407012689999255E9,86.57769938953159
1.407012695370585E9,82.29990463023192
1.407012700341086E9,84.47187373505193
1.40701270562644E9,84.40573028471158
1.407012710948471E9,84.40573028471158
1.407012716905806E9,86.57769938953159
1.407012722183372E9,84.40573028471158
1.407012727382927E9,84.40573028471158
1.407012732528416E9,86.57769938953159
1.407012738358252E9,86.51155082014776
1.407012743861774E9,86.57769938953159
1.40701274925008E9,88.68351992496777
1.407012754784679E9,84.40573028471158
1.407012760195115E9,86.51155082014776
1.407012765546951E9,84.40573028471158
1.407012770683574E9,84.40573028471158
1.407012775809761E9,84.40573028471158
1.40701278112411E9,86.57769938953159
1.40701278660138E9,84.40573028471158
1.407012792031698E9,84.40573028471158
1.40701279731673E9,86.57769938953159
1.407012802403497E9,84.40573028471158
1.407012807402064E9,82.29990463023192
1.407012812997555E9,86.57769938953159
1.40701281894498E9,84.40573028471158
1.407012824223657E9,84.40573028471158
1.407012829120671E9,84.47187373505193
1.407012834536097E9,84.40573028471158
1.407012839671195E9,82.29990463023192
1.407012845047198E9,84.47187373505193
1.407012850349627E9,82.29990463023192
1.407012855746963E9,82.29990463023192
1.407012861143596E9,84.47187373505193
1.407012866821152E9,80.19407385670875
1.407012872214639E9,82.29990463023192
1.407012877417331E9,82.29990463023192
1.407012882818125E9,80.19407385670875
1.407012888644272E9,82.36604296152876
1.407012893730627E9,80.19407385670875
1.407012898999301E9,82.29990463023192
1.407012904308429E9,82.36604296152876
1.407012909609399E9,80.19407385670875
1.407012914966043E9,80.19407385670875
1.407012920371217E9,80.19407385670875
1.407012925293779E9,80.19407385670875
1.407012930976609E9,80.19407385670875
1.407012936652175E9,80.19407385670875
1.40701294193355E9,80.19407385670875
1.407012946870077E9,80.2602070689621
1.40701295216079E9,80.19407385670875
1.407012958483237E9,80.19407385670875
1.407012963549925E9,82.36604296152876
1.407012968872333E9,78.0882379641421
1.407012974083996E9,80.19407385670875
1.407012979808643E9,80.19407385670875
1.407012985254167E9,80.19407385670875
1.407012990163485E9,82.36604296152876
1.407012995659845E9,80.19407385670875
1.407013001428923E9,80.19407385670875
1.407013006717662E9,80.2602070689621
1.407013012003948E9,80.19407385670875
1.407013017469525E9,80.19407385670875
1.407013022974334E9,80.2602070689621
1.407013028431757E9,78.0882379641421
1.407013033633788E9,80.19407385670875
1.407013038890762E9,78.0882379641421
1.407013044277437E9,78.0882379641421
1.407013049753037E9,82.36604296152876
1.407013055182338E9,78.0882379641421
1.407013060388957E9,80.19407385670875
1.407013065619704E9,82.36604296152876
1.40701307089091E9,80.19407385670875
1.407013076465738E9,4.446705653592922
1.407013082114645E9,2.274736548772909
1.407013087464873E9,0.0
1.407013092759607E9,2.1719691048200125
1.407013098255573E9,2.274736548772909
1.40701310340593E9,0.0
1.407013108580834E9,4.446705653592922
1.407013113992171E9,2.274736548772909
1.407013119267476E9,0.0
1.407013124856416E9,2.1719691048200125
1.407013129927857E9,2.274736548772909
1.407013135505563E9,4.446705653592922
1.407013140750025E9,2.274736548772909
1.407013146466445E9,0.0
1.407013151690037E9,0.0
1.407013157186065E9,4.446705653592922
1.407013162423368E9,0.0
1.407013167894882E9,0.0
1.407013173115482E9,4.446705653592922
1.407013178534668E9,0.0
1.407013183521218E9,2.1719691048200125
1.407013189000563E9,2.274736548772909
1.407013194706061E9,0.0
1.407013200140191E9,4.446705653592922
1.407013205219338E9,0.0
1.407013210253697E9,2.274736548772909
1.407013215803827E9,2.274736548772909
1.407013221220403E9,2.1719691048200125
1.407013226401609E9,2.274736548772909
1.407013231269185E9,0.0
1.407013236689895E9,2.1719691048200125
1.407013241822069E9,2.274736548772909
1.407013247470875E9,0.0
1.407013253114548E9,0.0
1.407013258584399E9,2.274736548772909
1.407013264025792E9,4.446705653592922
1.407013269611915E9,0.0
1.407013275033057E9,2.1719691048200125
1.407013279921249E9,2.274736548772909
1.407013285213628E9,0.0
1.407013291255545E9,2.1719691048200125
1.407013296762063E9,0.0
1.407013301666313E9,0.0
1.407013306925842E9,4.446705653592922
1.40701331279565E9,2.274736548772909
1.407013317667835E9,0.0
1.407013322686176E9,2.1719691048200125
1.407013328046407E9,2.274736548772909
1.40701333440694E9,4.446705653592922
1.407013339385358E9,2.274736548772909
1.407013344671946E9,0.0
1.407013349751752E9,2.274736548772909
1.407013355237283E9,0.0
1.40701336172675E9,2.274736548772909
1.407013367039198E9,0.0
1.407013372378747E9,4.446705653592922
1.407013377870162E9,2.274736548772909
1.407013382961864E9,0.0
1.407013388024431E9,4.446705653592922
1.407013394048193E9,2.274736548772909
1.407013399504779E9,2.1719691048200125
1.407013404700082E9,0.0
1.40701340992869E9,2.274736548772909
1.407013415122094E9,2.1719691048200125
1.407013420332886E9,2.274736548772909
1.407013425645285E9,2.274736548772909
1.407013431031957E9,2.1719691048200125
1.407013436395748E9,2.274736548772909
1.407013441396101E9,4.446705653592922
1.407013446956438E9,0.0
1.407013452377699E9,4.446705653592922
1.407013457883561E9,2.274736548772909
1.407013463190307E9,2.274736548772909
1.407013468771855E9,4.446705653592922
1.407013474161425E9,2.274736548772909
1.407013479315086E9,2.274736548772909
1.407013484616457E9,2.1719691048200125
1.407013489519383E9,2.274736548772909
1.407013494718231E9,0.0
1.407013499989216E9,2.274736548772909
1.407013505525365E9,0.0
1.40701351086342E9,0.0
1.407013515950474E9,4.446705653592922
1.407013521456097E9,0.0
1.407013526860334E9,0.0
1.407013531952113E9,4.446705653592922
1.407013537039665E9,0.0
1.407013542312557E9,2.274736548772909
1.407013548241436E9,2.274736548772909
1.407013553557268E9,2.274736548772909
1.407013558654792E9,2.1719691048200125
1.4070135637251E9,2.274736548772909
1.40701356911077E9,0.0
1.407013574531719E9,2.274736548772909
1.407013579694147E9,2.274736548772909
1.407013584899692E9,0.0
1.407013590306794E9,2.1719691048200125
1.40701359574065E9,0.0
1.407013600845362E9,2.274736548772909
1.407013606096697E9,0.0
1.407013611353228E9,2.274736548772909
1.407013616598671E9,2.1719691048200125
1.407013621844456E9,0.0
1.407013627353866E9,2.274736548772909
1.407013632873419E9,2.274736548772909
1.40701363826003E9,0.0
1.407013643073517E9,2.274736548772909
1.407013648529491E9,0.0
1.40701365439411E9,0.0
1.407013659685868E9,2.1719691048200125
1.407013664913713E9,4.446705653592922
1.407013670198308E9,0.0
1.407013675498578E9,4.446705653592922
1.407013680794391E9,2.274736548772909
1.407013686360134E9,0.0
1.407013692181951E9,0.0
1.407013697555071E9,2.274736548772909
1.407013702653605E9,2.274736548772909
1.407013707845265E9,2.1719691048200125
1.407013712973505E9,2.274736548772909
1.407013718172068E9,0.0
1.407013723693277E9,2.1719691048200125
1.407013729232031E9,2.274736548772909
1.407013734590742E9,4.446705653592922
1.407013739708273E9,2.274736548772909
1.407013744988764E9,0.0
1.4070137519628E9,2.274736548772909
1.40701375706601E9,0.0
1.407013762495635E9,4.446705653592922
1.40701376804418E9,2.274736548772909
1.407013773662018E9,4.446705653592922
1.407013779055093E9,0.0
1.407013784169151E9,2.274736548772909
1.407013789290036E9,2.1719691048200125
1.407013794379152E9,2.274736548772909
1.407013800058356E9,2.274736548772909
1.407013805480019E9,0.0
1.407013810695646E9,2.1719691048200125
1.407013815927157E9,2.274736548772909
1.407013821234634E9,0.0
1.40701382632014E9,0.0
1.407013831767393E9,2.1719691048200125
1.407013837276603E9,2.274736548772909
1.407013842495833E9,0.0
1.407013847698337E9,2.1719691048200125
1.407013853125861E9,0.0
1.407013858576278E9,2.1719691048200125
1.407013863929671E9,0.0
1.407013869120556E9,0.0
1.407013874657808E9,4.446705653592922
1.407013880475483E9,2.274736548772909
1.407013885555856E9,4.446705653592922
1.407013890806692E9,0.0
1.407013896007297E9,2.274736548772909
1.407013901785824E9,4.446705653592922
1.407013907149363E9,0.0
1.407013912501018E9,4.446705653592922
1.40701391765117E9,2.274736548772909
1.407013923081037E9,2.274736548772909
1.407013928777637E9,4.446705653592922
1.407013934464908E9,0.0
1.407013939346615E9,0.0
1.407013944857193E9,4.446705653592922
1.407013950799944E9,2.274736548772909
1.407013956119452E9,0.0
1.407013960932709E9,4.446705653592922
1.407013966568601E9,0.0
1.407013971904078E9,2.1719691048200125
1.407013977152778E9,2.274736548772909
1.407013982244918E9,0.0
1.407013987456935E9,4.446705653592922
1.407013992767396E9,2.274736548772909
1.40701399812873E9,0.0
1.407014003352319E9,2.274736548772909
1.407014008621637E9,2.274736548772909
1.407014013806862E9,0.0
1.407014019118436E9,4.446705653592922
1.40701402507754E9,2.274736548772909
1.407014030206289E9,0.0
1.40701403532384E9,4.446705653592922
1.407014040397545E9,0.0
1.407014045779843E9,2.1719691048200125
1.407014051211167E9,2.274736548772909
1.407014056728713E9,2.274736548772909
1.407014062126528E9,2.1719691048200125
1.407014067417899E9,2.274736548772909
1.407014072460527E9,0.0
1.407014077755623E9,2.1719691048200125
1.407014083404771E9,2.274736548772909
1.407014088740993E9,4.446705653592922
1.407014093941546E9,0.0
1.407014098991097E9,2.274736548772909
1.407014104462308E9,2.1719691048200125
1.407014109684114E9,0.0
1.407014114874906E9,2.274736548772909
1.40701412026817E9,2.1719691048200125
1.407014125687201E9,0.0
1.407014130784065E9,2.274736548772909
1.407014136385124E9,2.1719691048200125
1.407014141504444E9,2.274736548772909
1.407014147208052E9,4.446705653592922
1.407014152468483E9,0.0
1.40701415778404E9,2.274736548772909
1.407014163011593E9,0.0
1.407014168534914E9,2.274736548772909
1.407014173457679E9,4.446705653592922
1.407014178915278E9,0.0
1.407014184311154E9,2.274736548772909
1.407014189437558E9,2.1719691048200125
1.407014194712873E9,0.0
1.407014206779102E9,0.0
1.407014212035619E9,2.274736548772909
1.40701421750839E9,2.1719691048200125
1.407014222729195E9,0.0
1.407014227954439E9,2.274736548772909
1.407014233233753E9,0.0
1.407014238397679E9,2.274736548772909
1.407014243729277E9,2.274736548772909
1.407014249439682E9,2.1719691048200125
1.407014254860988E9,0.0
1.407014260102556E9,2.274736548772909
1.407014265391031E9,2.1719691048200125
1.407014270740662E9,0.0
1.407014275818161E9,4.446705653592922
1.407014281114874E9,0.0
1.407014286632565E9,2.274736548772909
1.407014292057959E9,4.446705653592922
1.407014297519519E9,0.0
1.407014302507103E9,2.1719691048200125
1.407014307815336E9,2.274736548772909
1.407014313250914E9,2.274736548772909
1.407014319168318E9,4.446705653592922
1.407014324373882E9,0.0
1.407014329781868E9,2.1719691048200125
1.407014335071374E9,2.274736548772909
1.40701434095808E9,2.274736548772909
1.40701434579505E9,2.1719691048200125
1.407014351249898E9,2.274736548772909
1.407014356574158E9,2.274736548772909
1.407014361960785E9,2.1719691048200125
1.407014367244224E9,2.274736548772909
1.407014372422615E9,0.0
1.407014377869423E9,2.1719691048200125
1.407014382846863E9,2.274736548772909
1.407014388295334E9,0.0
1.407014393704138E9,2.274736548772909
1.407014399388137E9,0.0
1.407014404406793E9,2.1719691048200125
1.407014409919115E9,2.274736548772909
1.407014415061912E9,0.0
1.407014420150677E9,2.274736548772909
1.407014425373387E9,2.1719691048200125
1.407014430556112E9,2.274736548772909
1.407014436014215E9,4.446705653592922
1.407014442934075E9,0.0
1.407014449402248E9,0.0
1.40701445422833E9,2.274736548772909
1.407014459530438E9,0.0
1.407014465385721E9,0.0
1.40701447066083E9,2.1719691048200125
1.40701447604765E9,2.274736548772909
1.407014481539318E9,2.1719691048200125
1.407014487795945E9,2.274736548772909
1.407014492917258E9,0.0
1.407014498212062E9,4.446705653592922
1.407014503307006E9,0.0
1.407014508890676E9,2.1719691048200125
1.407014514170704E9,2.274736548772909
1.407014519015717E9,2.274736548772909
1.407014524526544E9,0.0
1.407014530220352E9,0.0
1.40701453572408E9,2.1719691048200125
1.407014540549043E9,2.274736548772909
1.407014545781936E9,0.0
1.407014551008198E9,2.274736548772909
1.407014556453514E9,0.0
1.407014561681185E9,0.0
1.407014567088936E9,2.274736548772909
1.407014572837173E9,2.274736548772909
1.407014578095014E9,0.0
1.407014583130523E9,2.274736548772909
1.40701458909008E9,2.274736548772909
1.407014594139646E9,2.274736548772909
1.407014599159823E9,0.0
1.407014604930684E9,0.0
1.407014610305791E9,2.274736548772909
1.40701461577882E9,4.446705653592922
1.407014620688658E9,0.0
1.407014626184773E9,2.274736548772909
1.407014631757524E9,0.0
1.407014637228952E9,0.0
1.407014642142139E9,2.274736548772909
1.407014647149519E9,0.0
1.407014652937307E9,0.0
1.407014658852246E9,0.0
1.407014664064839E9,2.274736548772909
1.407014668898077E9,0.0
1.40701467442251E9,2.274736548772909
1.407014679913355E9,2.274736548772909
1.407014685219917E9,4.446705653592922
1.407014690215201E9,0.0
1.407014695787698E9,0.0
1.407014701453374E9,2.274736548772909
1.407014706731628E9,2.274736548772909
1.40701471180762E9,0.0
1.407014717064077E9,4.446705653592922
1.407014722505204E9,0.0
1.407014727974488E9,0.0
1.407014733827859E9,0.0
1.40701473911829E9,2.274736548772909
1.407014744485289E9,0.0
1.407014749758328E9,0.0
1.407014754993617E9,2.274736548772909
1.407014760474585E9,4.446705653592922
1.407014765820135E9,2.274736548772909
1.407014771184915E9,2.274736548772909
1.407014776568194E9,4.446705653592922
1.407014781698645E9,2.274736548772909
1.407014787126388E9,0.0
1.407014792987523E9,2.1719691048200125
1.407014798244436E9,2.274736548772909
1.407014804008927E9,4.446705653592922
1.407014809297023E9,0.0
1.407014814639101E9,2.274736548772909
1.407014820114618E9,2.274736548772909
1.407014825089026E9,0.0
1.40701483071176E9,2.1719691048200125
1.407014836306082E9,2.274736548772909
1.40701484147653E9,0.0
1.407014846822301E9,2.1719691048200125
1.407014852101017E9,2.274736548772909
1.407014856976186E9,0.0
1.407014862441842E9,2.274736548772909
1.407014867979483E9,0.0
1.407014873492644E9,2.274736548772909
1.407014878741676E9,2.274736548772909
1.407014884297509E9,0.0
1.407014889781578E9,0.0
1.407014894927207E9,2.274736548772909
1.40701490004864E9,0.0
1.407014905326478E9,4.446705653592922
1.407014910530218E9,0.0
1.407014915671409E9,0.0
1.407014921012249E9,4.446705653592922
1.407014926526935E9,0.0
1.407014932023109E9,0.0
1.407014937292179E9,4.446705653592922
1.407014942439371E9,94.93478177145748
1.407014947907773E9,92.8289817121953
1.407014953185355E9,97.10675087627749
1.407014958502528E9,94.93478177145748
1.407014963967663E9,97.04057671167617
1.407014969290422E9,94.93478177145748
1.407014974564507E9,94.93478177145748
1.407014979883944E9,97.10675087627749
1.407014985197787E9,94.93478177145748
1.407014990487182E9,94.93478177145748
1.407014996457897E9,95.00095081701531
1.407015001516174E9,92.8289817121953
1.407015006866426E9,90.72317653388961
1.40701501212354E9,92.89514563870962
1.407015017821108E9,88.61736623654045
1.407015022792599E9,92.89514563870962
1.407015028325111E9,88.61736623654045
1.407015033789326E9,86.51155082014776
1.407015039595054E9,86.51155082014776
1.407015045019971E9,86.51155082014776
1.407015050452732E9,88.68351992496777
1.407015056008766E9,86.51155082014776
1.407015061501264E9,86.57769938953159
1.407015066889873E9,84.40573028471158
1.407015072083507E9,84.40573028471158
1.407015077381483E9,84.40573028471158
1.407015083815703E9,84.40573028471158
1.40701509064014E9,84.47187373505193
1.407015096058621E9,82.29990463023192
1.4070151013884E9,86.57769938953159
1.407015106511001E9,82.29990463023192
1.40701511185024E9,84.40573028471158
1.407015117380131E9,86.57769938953159
1.407015123187633E9,82.29990463023192
1.407015128707254E9,86.57769938953159
1.407015134015555E9,84.40573028471158
1.407015139024022E9,84.40573028471158
1.407015144718094E9,84.40573028471158
1.407015149951357E9,84.40573028471158
1.407015155051836E9,82.29990463023192
1.407015160717206E9,84.40573028471158
1.40701516628311E9,82.29990463023192
1.4070151718854E9,82.29990463023192
1.407015176736675E9,84.40573028471158
1.407015181947658E9,84.40573028471158
1.407015187933344E9,84.40573028471158
1.407015193563769E9,82.29990463023192
1.407015198722293E9,86.57769938953159
1.407015204137918E9,82.29990463023192
1.407015209789683E9,84.40573028471158
1.407015216796184E9,84.40573028471158
1.40701522197777E9,86.57769938953159
1.407015227026724E9,84.40573028471158
1.407015233227137E9,82.29990463023192
1.407015238536416E9,84.40573028471158
1.407015243548578E9,84.40573028471158
1.407015248995543E9,84.40573028471158
1.40701525497916E9,84.40573028471158
1.407015260136809E9,84.40573028471158
1.40701526496291E9,84.40573028471158
1.407015270243719E9,86.57769938953159
1.407015276533323E9,84.40573028471158
1.407015281810352E9,84.40573028471158
1.407015286849388E9,84.40573028471158
1.407015291979564E9,84.40573028471158
1.407015297165392E9,84.40573028471158
1.407015303000974E9,84.40573028471158
1.407015308460626E9,86.57769938953159
1.407015313351095E9,84.40573028471158
1.407015318386801E9,84.40573028471158
1.407015323901402E9,84.40573028471158
1.407015329331497E9,86.57769938953159
1.407015334613279E9,84.40573028471158
1.407015339894434E9,82.29990463023192
1.407015344740179E9,86.57769938953159
1.40701535050116E9,84.40573028471158
1.407015356207429E9,84.40573028471158
1.407015361106132E9,84.47187373505193
1.407015366620365E9,84.40573028471158
1.407015372315589E9,82.29990463023192
1.40701537806168E9,84.40573028471158
1.407015383490135E9,84.47187373505193
1.407015388727962E9,82.29990463023192
1.407015394254399E9,82.29990463023192
1.407015399157495E9,80.19407385670875
1.407015404883479E9,82.29990463023192
1.407015410199773E9,82.29990463023192
1.407015415479433E9,80.19407385670875
1.407015420636333E9,82.29990463023192
1.407015425581394E9,82.29990463023192
1.407015431455081E9,84.47187373505193
1.407015437207901E9,82.29990463023192
1.407015442041955E9,80.19407385670875
1.407015447276813E9,82.36604296152876
1.407015452897516E9,80.19407385670875
1.40701545845217E9,84.47187373505193
1.407015463673721E9,80.19407385670875
1.407015469102994E9,80.19407385670875
1.40701547485755E9,84.47187373505193
1.407015479989031E9,80.19407385670875
1.407015484902497E9,80.19407385670875
1.407015490359929E9,80.19407385670875
1.40701549579165E9,80.19407385670875
1.407015501267263E9,80.19407385670875
1.407015506783646E9,82.36604296152876
1.407015511918341E9,80.19407385670875
1.407015517424885E9,80.19407385670875
1.407015522694963E9,82.36604296152876
1.40701552765277E9,80.19407385670875
1.407015532902656E9,80.19407385670875
1.40701553858512E9,82.36604296152876
1.40701554459393E9,80.19407385670875
1.407015549791225E9,82.36604296152876
1.407015554606131E9,80.19407385670875
1.407015560062351E9,80.19407385670875
1.407015565505998E9,82.36604296152876
1.407015571097629E9,80.19407385670875
1.407015576311667E9,80.19407385670875
1.407015581674375E9,80.19407385670875
1.407015587009048E9,80.19407385670875
1.407015592246738E9,82.36604296152876
1.407015597372098E9,80.19407385670875
1.407015602713873E9,80.2602070689621
1.407015608303386E9,80.19407385670875
1.407015613607641E9,78.0882379641421
1.407015619114323E9,78.0882379641421
1.407015624629624E9,80.19407385670875
1.407015629785818E9,78.0882379641421
1.407015634886813E9,4.446705653592922
1.407015640175213E9,0.0
1.407015645801172E9,2.274736548772909
1.407015651075649E9,2.1719691048200125
1.40701565629101E9,2.274736548772909
1.407015661616407E9,0.0
1.40701566706993E9,2.1719691048200125
1.407015672925062E9,0.0
1.407015677855247E9,2.274736548772909
1.40701568343735E9,0.0
1.407015688849396E9,0.0
1.40701569451601E9,4.446705653592922
1.407015699602531E9,0.0
1.407015705360095E9,0.0
1.40701571067747E9,4.446705653592922
1.407015716005008E9,2.274736548772909
1.407015721265315E9,2.274736548772909
1.407015726701227E9,4.446705653592922
1.40701573201977E9,0.0
1.407015737489275E9,2.274736548772909
1.407015743013943E9,4.446705653592922
1.407015748477746E9,0.0
1.407015753609999E9,0.0
1.407015758489315E9,2.1719691048200125
1.40701576373509E9,2.274736548772909
1.407015769169689E9,0.0
1.407015774497147E9,4.446705653592922
1.407015779953673E9,2.274736548772909
1.407015785356532E9,0.0
1.407015790544041E9,2.1719691048200125
1.407015795820272E9,0.0
1.407015800909568E9,2.274736548772909
1.407015806132137E9,2.1719691048200125
1.407015811735946E9,2.274736548772909
1.407015817317277E9,0.0
1.407015822507411E9,2.274736548772909
1.407015827548521E9,2.274736548772909
1.407015832935177E9,0.0
1.407015838145628E9,4.446705653592922
1.407015843681191E9,0.0
1.40701584896884E9,0.0
1.407015854455536E9,2.274736548772909
1.407015859851133E9,2.274736548772909
1.407015865449472E9,0.0
1.407015870882054E9,2.274736548772909
1.407015876116077E9,0.0
1.407015881771595E9,0.0
1.407015887064797E9,2.274736548772909
1.407015892477742E9,2.1719691048200125
1.407015897671633E9,0.0
1.407015903201385E9,2.274736548772909
1.407015908347802E9,0.0
1.407015914003937E9,0.0
1.407015919370973E9,4.446705653592922
1.407015924954334E9,0.0
1.407015930280222E9,2.274736548772909
1.407015935485552E9,2.274736548772909
1.407015940772424E9,0.0
1.407015946144723E9,4.446705653592922
1.407015951646349E9,0.0
1.407015957514861E9,0.0
1.407015962827057E9,0.0
1.407015968176833E9,2.274736548772909
1.40701597361058E9,2.274736548772909
1.407015979039585E9,2.274736548772909
1.407015984420877E9,2.1719691048200125
1.407015989813074E9,2.1719691048200125
1.40701599520473E9,2.274736548772909
1.407016000933492E9,4.446705653592922
1.407016005818657E9,0.0
1.407016011281404E9,2.274736548772909
1.407016016690824E9,2.274736548772909
1.407016022107533E9,2.1719691048200125
1.407016027473802E9,0.0
1.407016033001361E9,0.0
1.407016038635189E9,2.274736548772909
1.407016044107515E9,2.274736548772909
1.407016049504011E9,0.0
1.407016055172836E9,0.0
1.407016060803489E9,4.446705653592922
1.407016066224063E9,2.274736548772909
1.407016071284538E9,2.274736548772909
1.407016076423952E9,2.1719691048200125
